687.053650 613.215088 105.982918
2.666266 624.687927 122.707497
2.392998 689.305298 156.409424
724.828735 36.620075 289.369080
735.507690 22.992563 297.252411
733.822021 17.037590 281.206390
692.542786 667.411987 571.810608
641.343140 619.963074 63.326237
740.544189 58.096642 119.134155
744.138672 64.892982 210.502563
746.669312 72.630058 186.149918
707.080200 127.251190 296.439850
3.092772 210.207184 325.778564
13.430238 204.354507 304.080994
722.494202 132.248062 474.543365
720.847778 82.616028 747.840332
704.800293 249.593765 148.054749
723.853271 225.529602 118.433311
724.226013 123.216972 248.010986
744.510803 180.457382 340.712158
19.648809 205.638855 335.185913
23.485661 214.661804 315.074829
739.365601 227.408478 437.878998
715.891907 248.400894 689.252502
663.668396 287.886383 141.873947
662.354858 289.655579 122.331657
703.628784 341.793243 204.913483
748.029114 237.261169 351.646362
20.653358 204.906326 336.414337
14.126968 208.355240 312.620331
662.450928 282.944824 488.759918
664.454468 298.288300 678.153320
684.453247 322.413574 148.447693
702.314697 346.436096 181.657684
731.179932 400.850372 195.067413
21.334873 428.374237 300.233673
26.120243 386.333801 325.208466
699.570312 390.678345 359.413544
619.786560 397.403351 503.526428
638.604553 336.268707 647.991699
728.608154 567.020691 126.063599
39.745251 520.597656 232.998245
78.420959 530.662842 247.026321
76.219872 524.171021 232.480087
37.213871 441.739105 279.048279
659.966553 441.691742 396.155518
602.742798 489.537476 485.622955
646.064514 531.086609 668.162903
703.704773 662.186279 112.526230
716.062012 660.416077 94.785278
135.026138 595.904968 230.555939
93.017586 574.829712 227.501480
19.115072 581.692566 238.055283
617.511963 553.388489 414.719757
583.417480 576.931274 541.786011
631.196899 656.504578 35.661800
688.300110 636.882874 98.561264
715.948059 638.860901 98.235542
123.200775 593.397278 226.459869
99.779472 568.620361 218.091217
19.908562 596.386475 259.694580
694.120789 595.538818 343.224579
645.673523 615.528503 607.615540
625.622070 638.996948 69.613640
25.486345 645.668091 122.447563
69.483582 598.350769 203.325256
108.697868 575.550232 223.811691
168.795380 630.123535 255.245651
146.933380 717.356995 302.971710
149.961899 748.097229 296.929657
106.405037 744.314087 513.484619
55.393318 700.681824 46.083584
43.686646 42.557411 83.446396
739.582458 46.167274 182.606110
717.614197 69.141487 192.302246
17.644545 124.386932 317.364624
43.653439 180.933105 337.835388
85.334114 171.800873 338.212128
130.680252 142.625992 430.736603
105.585854 88.790565 730.570557
743.924744 166.827896 121.100288
710.585571 178.695145 127.764252
732.077637 125.275574 256.120056
12.216598 208.282837 362.059570
14.416258 212.404968 344.560486
48.736065 210.115692 335.894653
85.736900 206.683777 358.103699
49.704365 168.777832 683.237549
673.041870 267.988098 133.784744
654.842224 285.037872 126.107368
702.310303 335.358856 220.830170
743.253418 218.332977 360.019226
9.243497 195.497955 339.425110
29.648291 193.236267 329.644867
52.157692 204.404541 363.435059
715.793213 252.526138 694.724487
719.307129 387.292267 88.226395
16.271223 497.548798 246.056213
59.768204 561.426392 244.916611
41.670746 514.305603 250.345352
19.943470 389.105042 328.030029
25.810007 392.828705 302.885712
737.843201 352.995361 409.428558
713.572144 366.232971 748.641113
745.330505 564.201050 134.202026
73.040009 559.302551 260.781555
67.935989 560.631592 243.538177
62.701920 539.305542 224.848724
46.896049 486.956055 242.297775
26.550955 427.123230 274.392517
725.390869 488.755524 463.357086
729.477356 535.991821 6.755710
708.450989 662.738586 128.721008
128.279465 599.630615 252.647949
120.230545 602.902649 237.336716
118.685448 611.741394 219.773361
124.510277 603.268005 202.067123
63.742630 574.049011 273.151581
5.389370 607.479370 519.527893
715.586182 642.279236 61.651897
713.758362 634.471863 137.072281
60.016228 626.293945 194.671616
117.642052 587.657593 238.728027
123.108849 589.362610 222.953125
155.847595 631.344849 250.452240
137.487518 633.475769 241.913971
17.693058 629.211060 543.409119
715.380615 635.815125 95.527840
183.942566 701.309814 125.651863
163.424088 673.900269 189.853485
150.500824 588.125427 254.184906
220.918961 613.055542 260.868011
272.098602 649.559570 282.920654
264.972595 731.344055 340.109619
298.292053 729.088562 452.837006
273.743225 12.059869 717.939331
227.482498 41.228664 32.038605
181.764740 690.819702 165.343765
186.146057 687.907410 263.444519
193.828720 745.535583 307.365417
184.763519 51.499718 338.052948
207.399841 61.863407 355.146240
247.428574 95.619133 478.607666
264.151184 96.906258 669.392273
204.800537 135.369125 31.286289
133.912384 155.338913 129.241043
145.318573 166.742233 320.764313
130.008575 176.263489 334.151855
93.621048 205.416443 358.016846
116.227112 200.584885 372.590637
163.431870 179.958984 405.052429
248.398651 103.357643 668.560608
151.882477 197.715073 54.858326
128.721725 253.651077 183.609222
164.171204 286.976898 301.195709
167.486679 263.425781 293.163788
98.762207 209.372604 364.170349
85.859360 196.952011 347.558563
146.713745 181.925385 407.098175
190.263885 212.732285 666.970886
116.096252 394.802673 57.294468
72.484879 501.633057 254.571747
61.424637 538.969360 246.050690
145.576981 506.323364 277.850372
138.970566 408.070557 338.820679
122.549507 398.609833 307.295563
172.708038 347.130066 429.370605
167.449524 349.823364 699.269714
107.899635 579.593994 118.393211
74.000427 605.057678 259.960754
88.424202 613.086914 237.583740
176.482681 633.616272 249.112732
224.337082 556.516907 284.040405
203.587524 531.611084 261.436127
212.227722 529.544006 460.764221
180.522018 572.418884 711.346863
120.754517 649.057678 146.184021
103.802589 600.582275 253.875107
111.811234 606.960938 231.048950
194.006577 627.036377 256.219147
324.060791 641.267090 276.640137
327.849762 641.716309 259.439636
243.234756 619.971313 507.775391
214.136581 629.434326 724.793213
126.777161 654.512329 164.162262
97.414215 593.632690 250.320221
123.931252 593.580261 241.402878
210.823242 613.000427 261.674316
339.307007 621.647156 287.243713
346.249756 617.677673 276.130035
322.862091 685.766418 481.724152
241.045212 649.665222 729.426453
335.722870 729.406067 71.128746
307.300873 710.500244 204.935593
306.016876 622.415955 297.134888
322.033630 599.208130 307.774902
319.169830 606.935547 290.944977
340.167603 617.647034 277.783234
338.531464 687.298645 460.412262
343.058624 716.295898 666.391846
268.984161 22.549587 46.618034
338.240845 732.886230 169.006348
388.901703 721.915283 263.118500
350.544525 676.775330 300.700195
308.504639 701.397156 305.431030
271.127533 9.566532 377.778351
278.318848 81.357185 538.384338
254.592972 80.923615 637.814026
273.901306 133.452576 27.095701
370.045807 122.684586 164.355057
363.237579 122.188438 267.589539
306.644135 153.392654 300.931122
251.242676 192.182037 362.112640
251.874954 173.666931 368.828278
271.046173 119.436325 484.033447
248.752029 99.135643 653.627625
309.518158 186.435440 46.010815
309.657440 237.011703 200.915878
297.146729 277.089386 287.753815
290.314026 291.924805 326.809875
296.003967 286.486115 336.974396
290.656494 255.507034 318.209137
290.874451 183.141464 458.109039
286.739441 190.364120 654.775085
309.567291 374.620850 43.383392
303.759399 443.474487 262.803528
303.663971 482.385437 269.890869
322.393799 458.490021 318.275085
367.998077 448.189941 329.006561
367.447479 440.005310 305.793030
353.076263 398.586304 440.153015
357.624084 364.305511 661.091614
300.881958 617.055481 99.209831
307.558929 642.455139 320.921112
305.328552 655.560852 310.403748
306.816711 654.754761 301.675537
351.745178 634.275146 304.398285
353.561676 625.522156 293.797852
419.120972 588.888733 458.141083
381.029907 611.582825 620.897095
292.197906 622.883362 95.306396
301.987671 627.814392 324.031433
309.375305 638.768799 308.723419
305.403564 644.684143 303.223785
311.160095 647.949402 284.628204
314.918549 641.711670 284.078613
420.273468 607.233337 451.065308
372.982971 598.891296 635.058105
278.947144 682.461060 83.348831
259.734222 633.992126 291.061951
305.289001 617.554443 315.192780
313.979218 622.059631 304.022888
321.753906 619.982605 287.505432
318.471191 613.506775 282.199219
342.576080 699.952454 450.672211
332.541779 714.672485 661.870667
404.514069 723.997742 33.676334
444.962097 740.031677 228.716812
434.916351 729.634949 248.634048
346.809174 664.981506 302.609924
307.239441 608.434082 290.399139
323.287201 616.046936 279.713409
388.253265 691.705444 486.917145
381.101929 724.865845 672.079346
429.854675 723.617493 78.233627
440.960022 12.093793 218.263428
425.673828 14.759969 245.169205
397.606781 724.053101 276.816559
402.667236 715.557861 274.801361
436.832825 22.757067 372.442230
393.875671 743.102539 533.198975
400.461731 745.042419 626.264771
392.239349 148.132629 106.766113
396.373383 113.458176 172.908707
419.307312 68.639076 245.615570
414.057129 75.171913 254.974091
468.857880 183.596069 373.368652
478.380951 173.059464 384.972656
438.018951 149.728638 442.006012
386.313904 91.903297 645.553040
417.587677 212.873627 43.801662
418.594116 187.274490 202.071075
447.785553 247.810669 258.795380
431.666565 300.020630 321.990204
467.899780 328.527954 357.017914
494.517609 302.070709 348.467865
470.490540 245.297729 437.776581
473.366425 289.384827 646.524414
444.049316 381.591827 741.724304
391.230347 439.816986 272.552856
397.941559 473.459686 272.994141
405.071960 470.373291 343.153473
391.161316 479.003265 331.833862
413.336670 453.628723 314.024872
466.038940 432.193268 447.712616
456.380829 365.246796 647.369141
418.060913 579.613403 36.164566
322.526917 619.391663 306.686371
346.511566 587.327820 278.334808
348.334564 588.896790 339.235535
350.950439 601.277527 312.252533
329.585693 630.845703 288.549652
431.056885 586.901672 456.456390
408.467499 600.182495 576.073242
391.121582 613.260437 60.113522
321.843781 602.895386 297.190399
293.612671 626.114380 309.724365
300.041229 647.234741 288.480621
330.247681 627.441101 289.045715
333.295441 612.021667 287.318024
422.419342 601.371460 453.945404
389.866486 586.627747 577.515137
415.369507 737.428467 39.268887
381.629883 705.109558 259.396698
305.153046 632.000671 319.046478
312.245361 611.742676 305.376709
312.392700 617.481873 279.934143
320.210419 627.914978 282.691498
421.193237 666.581055 448.013824
416.971863 715.848633 616.836060
487.383026 733.047974 79.635414
459.475311 0.652245 220.701996
474.267609 8.372315 254.277100
485.103241 16.456594 261.161346
481.073334 722.543579 320.710693
469.692291 674.409424 353.980560
531.031799 654.528870 530.980347
528.987793 687.783142 643.546631
487.782410 737.614075 116.487305
517.036865 30.405081 219.908859
507.905243 14.070935 241.592545
503.644165 13.908926 265.993073
502.424835 8.576394 289.575317
500.416534 50.192627 354.853455
493.634338 736.507080 500.271667
485.286652 714.516846 643.647522
599.836487 154.593216 147.351486
585.383362 114.008202 178.719040
558.343567 93.486694 223.673309
548.402832 105.031082 305.410980
524.978210 175.474014 345.620575
487.159790 172.514084 384.196442
478.524384 173.336395 404.037140
518.699707 153.159927 638.012390
595.689209 271.944275 67.195404
596.603638 225.406525 188.750305
562.232544 268.561859 240.949966
539.418335 329.910858 343.839142
530.385498 348.247284 338.001068
514.579163 336.183319 334.346802
493.362518 291.033051 429.768311
502.817963 323.297485 644.484863
528.322571 336.251617 6.867954
575.084290 345.215759 242.472778
536.888855 369.352844 299.430878
526.416748 363.249115 333.838745
526.423218 336.796661 346.162476
522.924866 344.437561 329.061249
490.515442 385.054932 405.910309
489.201111 325.756714 635.032837
510.211334 574.305359 32.291462
483.251495 539.437561 254.608536
450.978638 524.526367 266.440979
459.171600 469.053406 328.196716
434.107452 477.854370 333.521271
471.220184 567.895508 404.818176
477.536407 594.812744 448.464386
509.301727 591.050171 552.725342
571.480652 652.418945 11.605347
473.148193 650.230957 226.560303
431.591766 614.650024 256.464050
400.522003 616.957764 314.755371
340.336212 614.159180 324.649841
463.765442 587.592102 428.242188
511.339844 612.089233 476.500275
554.924866 634.565491 559.454651
596.241272 677.711548 13.130296
494.968811 721.355835 196.559525
442.647095 745.182861 249.068619
429.996918 718.763306 299.143982
396.395477 671.996765 342.255432
459.699249 663.062256 393.615082
533.811829 654.220337 517.155701
558.991333 671.201355 602.116516
625.001221 644.498718 36.856464
563.431580 726.446350 144.337646
511.007355 60.491604 232.426651
468.531372 25.520180 273.482117
464.054901 743.639893 305.378510
506.728729 703.090820 384.947845
531.536255 627.620178 542.144348
541.265076 657.678589 664.276917
595.979675 47.187305 94.698280
575.669189 84.672836 226.014816
570.965271 83.969208 197.055923
526.929382 63.294640 283.855103
537.050049 87.469337 284.403015
512.070984 39.202740 328.995117
508.298462 736.427246 492.128571
564.372192 739.314758 722.610413
599.263184 188.972733 149.503799
588.184143 159.963348 136.291061
561.698364 62.983780 198.366318
532.772827 101.278099 306.982025
521.787415 146.998901 323.770172
501.316315 175.668625 328.293640
535.649414 201.583252 473.259430
584.053223 200.535477 721.163269
674.701904 287.207275 132.084259
666.225342 273.646088 109.164658
550.420044 287.231110 226.136383
519.484009 336.532776 354.736023
510.756073 350.172791 338.565460
512.117493 345.828827 324.364136
623.789917 333.009735 527.780518
640.658386 313.132324 663.771362
673.957092 277.781982 124.927025
676.131042 280.815430 120.162689
555.064270 336.969269 252.372192
517.409424 340.957581 346.894409
506.640961 335.112427 342.492401
508.200439 340.234802 325.299866
659.941772 387.442261 535.578613
660.149658 344.157410 596.088745
669.108398 580.477844 66.301575
686.000000 513.468628 163.104996
621.025513 497.453583 243.401245
554.277954 484.334381 332.326965
554.207703 471.060852 326.320801
581.220764 551.962341 427.400970
629.325073 555.092651 524.176025
634.775574 572.661743 562.548584
676.606201 663.205688 48.592228
701.435852 662.573364 81.889046
641.038330 629.742371 239.298538
592.651306 618.998352 313.323853
568.614990 621.893066 319.612152
559.804932 600.877808 465.338257
585.751831 607.066833 547.019775
600.049866 629.810425 598.613159
674.418274 638.435242 46.690807
691.875854 641.698975 54.297379
600.132019 638.394043 216.735352
554.149536 619.373413 320.079559
541.216064 618.868774 321.181244
529.760803 605.982971 461.404572
538.292908 645.207642 550.834045
602.723328 651.011841 713.436768
656.699341 629.146973 49.631771
675.131226 622.379333 59.799530
623.004333 60.760757 213.924805
639.348694 97.670654 269.503754
613.239319 42.590172 289.704926
523.208435 737.992920 363.581299
511.226349 632.624084 547.313110
647.819946 622.742126 59.996269
585.513550 56.680618 95.113770
567.732605 80.318893 223.298172
572.113708 77.147537 208.128876
646.892029 79.898117 275.718018
625.671387 104.741524 266.131714
589.556458 82.313492 327.673157
602.628784 63.694027 484.615784
599.936584 45.001431 749.443481
633.343811 270.200592 133.137695
619.658752 241.275604 115.208244
630.740417 91.489235 242.261612
712.020325 137.758102 307.146820
740.997009 187.118210 319.638641
714.753174 243.879211 315.217682
653.364624 285.634277 503.420624
636.803162 263.617157 711.507690
658.868042 296.300323 131.943375
657.293152 297.436188 112.070892
707.358032 334.239288 195.091766
697.518799 303.544373 317.128571
690.560059 281.685455 348.294495
693.673157 275.052002 315.821747
639.626221 352.426880 562.056885
647.892822 340.457703 633.287781
660.518677 276.603271 135.152252
661.941772 276.702728 110.387779
720.987793 342.434662 198.243896
688.090515 334.577728 289.978546
661.292175 324.277039 350.903198
673.074463 417.565125 394.827484
630.629761 397.327148 540.224304
640.473816 339.137177 597.953369
657.574097 580.084656 79.711761
661.274170 511.691803 154.173065
705.812378 516.057983 210.241272
692.911438 536.081299 261.950623
609.278870 478.325165 344.957977
633.127563 498.172119 466.028717
625.649963 499.705170 515.455627
615.385315 558.347412 569.374573
663.949829 650.715393 58.841343
670.947388 661.279602 44.943787
655.738831 619.700317 221.320053
638.090271 601.232300 268.658447
603.035217 603.021729 280.169983
598.685791 552.274170 457.208954
583.645874 591.255188 558.539246
608.619751 630.838501 657.271851
659.965637 642.813049 56.496773
669.858887 643.441589 44.345333
667.062866 608.782104 175.623138
631.950134 576.935486 270.703339
569.235291 593.641174 298.384857
537.669067 581.302246 432.016937
563.846802 603.180237 592.435974
649.418945 639.371094 72.756264
