i,x,y,z,vx,vy,vz
1479.036499,1393.354370,55.211971,1,-5.335961,-21.013187,10.778295
4.077987,1421.839355,234.657913,2,1.378329,-13.656979,5.131686
1.000521,1484.558838,340.891815,3,0.486279,-4.558165,-4.615695
1492.767456,23.934275,574.625427,4,-2.059775,4.087354,2.182270
1495.829346,10.090243,717.874146,5,-0.748100,2.083104,-4.693457
1492.063110,3.958046,824.107666,6,-1.346578,1.215910,-22.058319
1479.801270,1452.179077,1135.650635,7,-4.895959,-8.891042,1.126172
1463.307861,1416.643555,1374.200439,8,-8.594465,-15.411530,12.520026
0.191905,168.091660,58.589470,9,-0.044949,-2.839953,10.924153
8.269113,173.166595,261.489014,10,1.433318,-2.709008,13.570080
14.158565,183.944977,352.738708,11,3.148460,-0.581822,-3.772501
1482.905151,200.708939,578.035522,12,-4.003022,2.458447,3.032741
4.384821,250.942657,708.546204,13,0.416257,11.648852,-7.342932
6.450846,234.239014,850.640869,14,1.211995,9.132525,-17.586679
1482.918335,212.629974,1083.410889,15,-3.081903,4.241013,-8.042965
1487.483765,191.538651,1362.331543,16,-2.671009,0.022274,9.409122
1490.242188,409.403442,106.125771,17,-2.319056,5.831286,19.867256
0.857666,387.875671,173.591217,18,1.633191,3.286649,-2.819381
1491.399414,341.771667,403.000000,19,-1.334332,-6.773057,4.943442
1468.942993,349.917084,620.899170,20,-3.204128,-4.094456,9.680360
12.756152,376.739410,719.655029,21,2.565139,0.157403,-3.517449
27.052917,401.230774,837.224915,22,3.950811,4.930455,-20.779451
1497.431152,409.543060,1068.675781,23,-1.011448,4.941395,-10.979900
1488.220093,413.734344,1324.889771,24,-2.047771,6.913249,2.715607
1464.990601,554.805542,91.914215,25,-7.015944,-1.005140,17.818472
1476.477051,583.223022,178.388489,26,-3.501884,2.198606,-2.011281
1477.560059,598.881409,389.091522,27,-3.776677,7.248325,2.335251
1500.252075,562.226624,604.998962,28,-0.027746,-0.484594,8.178596
21.630516,537.191040,746.551086,29,3.193643,-5.882200,-0.386461
1498.915771,537.602966,835.721008,30,-0.560539,-5.689259,-20.782326
1441.680542,548.941101,1085.074829,31,-10.213634,-1.107800,-7.279691
1453.398438,563.758118,1324.102539,32,-8.629330,0.480009,2.206381
1482.846802,738.124329,82.496719,33,-3.838233,-3.150261,15.500756
1476.460327,733.027283,234.895645,34,-4.077580,-2.917588,7.994514
1492.106201,772.092041,358.608673,35,-1.548333,2.857155,-1.902536
21.958475,771.234741,579.219910,36,2.436706,4.829143,3.240175
28.971790,748.064636,721.939087,37,4.378306,0.183408,-3.879793
1465.516602,766.885559,886.031738,38,-5.655935,2.118062,-11.160705
1404.981689,756.206665,1079.616943,39,-17.046419,2.066281,-8.126226
1436.201538,730.572876,1318.720459,40,-12.018783,-3.602225,0.746933
1488.027588,982.159546,72.598915,41,-2.020205,7.964578,12.872191
21.705704,959.160156,244.312256,42,3.606358,3.499013,11.300679
59.676811,933.399902,392.097778,43,11.436578,-0.003196,3.246434
49.969662,945.459473,529.401123,44,9.004795,0.923195,-5.293573
28.131489,911.244324,712.131897,45,4.486940,-4.401870,-7.760380
1449.874878,918.964233,899.296082,46,-10.108545,-3.485806,-7.146821
1394.267090,938.713318,1080.014771,47,-20.287619,0.478939,-7.917931
1431.353760,964.389893,1328.117432,48,-11.894735,5.394965,1.637642
1482.222290,1211.163574,76.573074,49,-4.415368,16.453592,15.042613
3.793530,1216.916870,170.085892,50,-0.414647,16.793859,-3.772541
74.391762,1162.220947,418.450012,51,13.796367,4.904949,5.267696
27.123806,1138.376099,538.841064,52,5.891564,2.974435,-3.084291
1491.194214,1140.416138,671.394592,53,-1.069107,2.712675,-14.819871
1425.281372,1123.809937,903.214539,54,-14.636432,-0.439130,-6.400231
1408.473755,1151.698730,1111.289429,55,-17.516619,2.381509,-2.142133
1427.764526,1172.264526,1363.135864,56,-13.436582,8.908261,8.613534
1460.152832,1297.041992,80.908844,57,-6.750373,-3.554168,13.301418
8.519019,1287.708130,149.239120,58,0.230791,-4.668894,-4.614956
47.521976,1274.382446,371.420837,59,9.782649,-6.357306,-0.685907
28.396433,1266.666626,531.108643,60,5.193355,-9.521249,-5.648919
5.273815,1285.173950,703.611023,61,0.933403,-5.764604,-9.286441
1469.004883,1270.652100,869.083130,62,-5.475110,-6.926405,-12.756057
1458.940918,1287.078979,1162.444824,63,-8.603939,-4.366138,5.474650
1408.405762,1302.077515,1388.257568,64,-17.255619,-2.456405,14.238428
173.744812,1446.567749,47.467197,65,-4.222387,-10.234576,9.817955
170.389877,1409.992188,233.206100,66,-3.396872,-17.992233,8.668330
200.971909,1414.743286,356.391724,67,2.239981,-17.882393,-2.428931
221.704666,1452.903809,567.516052,68,6.733227,-8.935262,-0.898233
214.811829,1494.771362,727.213989,69,4.834127,-1.997854,-3.792482
223.125870,15.912743,827.654907,70,5.425722,1.751378,-20.251675
197.904816,1499.674194,1106.979492,71,1.431562,-0.860585,-4.289838
176.974792,1481.834106,1391.546265,72,-2.537146,-4.795620,14.006265
168.162003,163.023361,38.845066,73,-4.176986,-4.730319,6.829552
128.584595,157.499634,225.321136,74,-11.029593,-4.887411,7.822875
106.061859,170.410995,373.549347,75,-15.873999,-2.562075,-0.256429
147.854782,184.727814,605.080750,76,-7.363116,0.580410,6.286565
179.433594,226.962006,723.360962,77,-2.811305,7.351542,-4.214729
201.302368,217.762543,869.195251,78,1.668741,6.144258,-13.770739
219.074371,216.250031,1057.386597,79,4.641037,5.007451,-12.546948
205.970032,195.625412,1358.862305,80,2.166586,0.653414,8.199294
141.084030,356.064514,59.940147,81,-9.174485,-2.601094,11.633722
112.018440,357.371124,192.165207,82,-15.299676,-2.437777,0.965848
127.766853,334.764069,413.385468,83,-11.325782,-6.753258,6.661757
153.059326,375.890533,633.131836,84,-7.201054,-0.398654,13.195514
158.571045,390.816528,730.987488,85,-6.798678,2.748881,-2.539120
175.365631,421.828217,881.897827,86,-2.557207,5.079386,-12.142020
189.216461,387.843964,1022.310059,87,0.197486,3.210496,-20.013355
163.052170,360.500854,1322.197998,88,-4.699102,-1.933528,2.308265
109.052322,550.657349,57.529339,89,-15.804889,-1.860306,12.325084
84.372269,565.734985,206.401108,90,-20.553568,0.126531,2.469037
103.514999,598.422241,398.368896,91,-15.173203,5.556241,3.603680
125.098969,543.717041,615.591309,92,-11.697553,-3.463248,9.596997
139.161407,523.234741,757.229614,93,-9.379869,-8.329446,0.153578
165.919662,491.897827,852.033691,94,-4.492157,-10.532738,-15.405786
155.290573,510.276337,1034.543091,95,-5.085700,-9.262853,-17.417902
111.211075,535.924683,1332.239502,96,-14.345455,-4.166734,3.763753
112.835289,763.701416,35.512859,97,-13.239004,1.630083,7.170184
122.765862,799.726929,278.304199,98,-10.910136,9.990520,16.133097
152.457657,857.727417,372.252380,99,-5.750806,21.602205,1.519468
131.286133,833.896301,564.668396,100,-8.954476,14.683472,-0.542905
144.206970,758.309265,774.901855,101,-7.914421,1.418232,1.554449
156.342667,750.081482,819.545776,102,-5.268648,0.461490,-21.406084
114.625267,731.629639,1036.895752,103,-11.541379,-2.695103,-15.081329
97.243881,743.025574,1371.142822,104,-15.017378,-1.237476,9.650017
131.955475,981.329834,65.629280,105,-10.067853,7.962898,12.100478
155.954193,976.952881,319.135986,106,-3.205458,6.798205,24.462843
171.802673,965.829346,381.216278,107,-3.586613,4.837687,1.803672
150.668198,957.496033,533.324646,108,-6.227208,3.159756,-5.990486
160.712082,933.527893,693.737976,109,-5.324246,-0.465415,-10.880241
136.896851,912.198669,825.241394,110,-7.361523,-5.065747,-20.639664
113.871971,955.242188,1067.661133,111,-12.473389,2.279182,-10.013343
111.805237,971.256592,1372.191040,112,-12.677749,5.977828,9.617731
127.136887,1189.013672,76.211281,113,-12.044219,12.082508,14.130486
183.310715,1183.739014,297.792786,114,1.288407,8.319226,21.074430
205.832016,1158.416870,399.203278,115,2.450829,5.241460,3.915417
216.133499,1127.956543,501.069366,116,4.478939,3.128345,-10.725350
218.734070,1121.972412,660.884888,117,4.706167,0.535230,-17.014832
152.953156,1131.688477,842.454041,118,-4.683932,1.237665,-17.790173
134.025620,1162.112183,1099.467651,119,-9.387045,5.850525,-4.469315
121.925369,1178.193848,1382.482788,120,-11.330083,8.414135,12.751350
125.430870,1307.480591,93.960907,121,-13.175192,-2.107312,18.000309
171.668579,1306.216675,214.905273,122,-3.212568,-0.307374,6.569884
213.639099,1260.381958,396.264160,123,3.748042,-8.847819,1.537822
234.679749,1282.128906,489.363464,124,8.631425,-7.745910,-12.480578
220.899612,1308.146851,717.498901,125,5.620106,-1.148569,-6.121866
196.115921,1310.763916,811.478821,126,2.414302,-0.706056,-24.043623
145.208572,1294.898193,1122.484741,127,-7.971027,-3.190732,-1.096823
130.667435,1295.605957,1408.627075,128,-11.052358,-2.173807,16.929913
378.143982,1478.810547,52.733315,129,0.566734,-3.833119,10.951399
365.744598,1475.665527,232.502747,130,-2.018081,-4.912024,7.801534
362.282990,1420.900635,400.672089,131,-2.435937,-15.139747,5.585309
380.613312,1436.356079,555.842163,132,1.781299,-11.881257,-1.770201
397.664978,1464.464600,710.612427,133,4.989119,-6.810172,-7.760675
419.488464,8.325682,877.725403,134,7.556361,-0.105646,-12.227069
441.397888,0.473856,1067.847290,135,11.386612,-0.691060,-10.454060
434.322479,15.588187,1356.408691,136,10.394228,1.714199,7.047256
400.813843,157.884338,7.013852,137,4.530896,-5.314864,2.180330
374.017151,100.552994,214.693680,138,-0.297170,-16.219364,5.744504
362.496735,105.690216,425.594727,139,-1.166293,-14.412410,7.756585
372.392731,139.313034,589.119141,140,-0.174058,-9.439892,4.399832
374.900238,177.945602,728.027954,141,-0.696770,-3.346146,-3.072916
389.744934,172.262024,883.533752,142,2.187595,-2.426868,-11.094134
410.873169,197.281860,1079.828369,143,6.729537,1.118979,-8.849356
430.849213,189.880783,1326.505859,144,9.807068,0.561495,2.083126
387.630035,349.686859,12.155194,145,2.273685,-4.577821,2.877813
342.022278,361.986908,197.621628,146,-5.840347,-2.913739,2.362218
354.852539,361.949646,458.126953,147,-3.183579,-2.355686,15.042961
354.745850,368.525116,587.991516,148,-4.058216,-1.127133,4.057828
340.735016,387.355957,733.718201,149,-7.270225,2.107303,-2.080359
347.302368,394.651794,905.217224,150,-5.303760,2.309833,-6.638247
373.442841,365.828583,1040.932251,151,-0.929971,-0.696900,-16.498556
412.475891,333.354156,1321.611572,152,6.624051,-7.353853,1.381788
351.150513,506.320068,28.609819,153,-3.759236,-9.741808,5.089095
341.520325,541.466125,239.959656,154,-5.811847,-3.467973,9.133469
367.410370,575.975586,437.646271,155,-1.779852,1.313663,12.418453
373.937836,556.151672,567.174988,156,-0.705637,-1.936926,-0.155267
344.553192,538.887390,761.420715,157,-6.369502,-5.724049,1.002964
338.134430,507.832916,852.443604,158,-7.466210,-8.583832,-14.519353
357.771942,503.883667,1050.280029,159,-3.381495,-10.980290,-14.442038
374.238403,522.484680,1317.771362,160,0.217869,-7.604950,1.034224
331.920776,756.509949,21.539221,161,-7.661024,1.303897,4.233494
318.783844,791.060059,285.129364,162,-10.654364,9.119633,17.141918
314.156830,820.760620,401.452240,163,-11.598475,13.594873,4.641457
364.810516,816.301697,565.986511,164,-3.085593,12.026584,0.899675
356.954742,769.231567,782.388916,165,-4.228698,3.939149,1.577838
343.529266,751.506775,804.040527,166,-5.978704,1.443353,-21.130924
370.875580,728.720215,1049.176392,167,-1.200844,-3.443225,-13.570259
367.359711,728.897034,1342.640259,168,-1.688045,-3.721979,4.943260
327.694214,1000.251831,46.775658,169,-7.817378,10.905824,9.148577
295.964142,1000.471680,313.437531,170,-14.670223,12.038960,22.712414
287.350952,1012.521973,400.590088,171,-15.305726,13.779047,4.363174
372.772766,1022.387329,558.774841,172,-0.733310,16.078926,-1.672766
392.067688,974.383301,738.599731,173,3.309187,6.291079,-3.875751
384.956451,939.820312,782.014709,174,2.052851,2.152820,-26.429966
386.218842,975.028137,1072.806030,175,2.024534,6.480789,-9.443082
371.271545,1002.469177,1343.642578,176,-0.574608,11.308904,5.195843
344.655090,1182.266846,60.003162,177,-5.776776,9.874369,10.988695
314.181335,1176.689453,309.942230,178,-11.746720,7.650335,22.523298
326.992462,1169.371582,436.126587,179,-8.198929,7.408017,9.108059
389.806519,1146.277466,526.102234,180,1.859025,4.000872,-4.661908
432.436890,1148.392700,684.151428,181,10.418864,4.890617,-12.861447
436.007019,1159.789307,777.331726,182,12.363389,6.130296,-27.163897
398.936340,1163.605469,1112.270508,183,5.290563,5.949243,-3.732276
393.812561,1172.233765,1351.919678,184,3.318483,6.802752,6.742051
352.985077,1325.067383,79.931770,185,-5.416381,1.181530,14.705172
312.982300,1308.142822,256.757812,186,-11.162633,-2.245528,13.811177
345.870972,1286.227783,434.381897,187,-4.842768,-5.384939,8.178548
401.122131,1280.280029,510.867462,188,3.373569,-5.196974,-6.420199
465.992035,1295.455933,699.622009,189,17.046282,-2.949348,-7.714142
474.857635,1321.214844,811.020569,190,19.174671,0.145271,-24.443045
461.681702,1321.150024,1102.713013,191,14.321676,2.298431,-6.001163
420.560608,1292.865112,1359.318115,192,6.786770,-1.409622,7.725121
595.998596,1490.438721,33.976364,193,5.871453,-1.650712,6.560765
570.593079,1494.506592,235.514328,194,1.774214,-1.919953,9.510747
567.221008,1456.903564,403.979248,195,1.988605,-9.406032,5.851130
588.776855,1426.603760,586.803345,196,5.612873,-15.650308,4.426544
607.322205,1408.205200,709.466003,197,7.903938,-18.713467,-5.698035
587.090149,1436.545166,885.133789,198,5.760571,-10.459111,-12.890974
583.267822,1449.671631,1082.158569,199,4.237242,-7.417666,-9.087844
590.708618,1483.834229,1317.173706,200,5.203877,-4.631556,1.130601
544.314819,147.224289,24.114008,201,-2.639102,-7.269085,4.033082
597.783325,122.502518,209.264465,202,5.845051,-12.063500,5.310760
628.386719,123.442894,406.581055,203,10.953531,-11.672792,6.066089
601.687866,115.095909,596.874817,204,6.812793,-13.070170,3.900428
556.710754,131.679245,699.998657,205,0.380406,-10.819981,-7.106132
543.973389,142.684982,902.273438,206,-2.536425,-7.713171,-7.671512
560.427734,189.592392,1126.830933,207,-1.325727,-0.407262,-0.938386
526.486755,175.498276,1290.246826,208,-5.348447,-1.838454,-3.426241
557.056641,348.950409,10.373805,209,-1.258652,-4.523502,2.503252
613.671570,344.754089,220.514740,210,8.846725,-5.731876,5.971859
610.591797,348.630646,431.914154,211,8.204741,-5.174634,9.558202
576.680542,364.089783,571.985657,212,2.245061,-2.661896,1.792939
545.552490,382.305573,742.356567,213,-3.181534,1.335776,-0.334592
548.933411,371.458282,888.799316,214,-2.932887,-0.553581,-9.790504
554.988281,337.489410,1083.410034,215,-1.445869,-6.925246,-8.377856
533.539124,330.668549,1307.826660,216,-4.821771,-7.953746,-0.806846
582.918701,506.391327,25.903275,217,2.938029,-10.472854,4.412519
574.492981,535.092224,248.649628,218,2.597595,-4.716727,11.439704
572.440186,561.407837,427.590393,219,1.832435,-0.275954,9.605190
564.425659,575.029175,595.406555,220,0.438391,1.404483,5.016010
567.379028,576.358887,741.232849,221,1.301994,1.509692,-0.415206
569.577393,542.738037,839.445801,222,1.032773,-3.426599,-19.142725
573.150940,497.971283,1066.988770,223,1.285252,-10.895890,-10.581035
569.802063,509.067261,1310.923584,224,0.927794,-9.852295,-0.270288
580.070435,743.020203,21.564819,225,3.178124,-0.935919,3.896628
572.439514,769.271973,289.334076,226,2.220697,5.134521,18.518200
571.601135,804.577271,410.942780,227,1.822325,9.794984,5.897237
569.809387,784.623596,598.456604,228,2.348223,6.438545,5.708313
602.220642,775.191345,741.390625,229,7.952688,5.328779,-0.927474
605.457214,763.840149,816.090759,230,8.161323,3.711406,-21.678715
606.476501,755.688660,1058.196289,231,7.393195,1.434524,-12.068698
610.227844,736.441528,1319.811401,232,8.603328,-2.194112,0.781417
578.935425,1031.383179,51.920403,233,2.701156,16.531073,8.840513
573.022339,1022.404785,294.730713,234,2.009192,16.900761,20.515419
569.360229,1011.972046,430.462891,235,0.877407,15.303638,10.252439
567.493469,1064.159058,570.098511,236,1.170950,25.280323,-0.471263
630.013977,1008.440552,734.151184,237,11.262865,13.963163,-3.169901
643.499939,992.082642,796.731873,238,14.317228,12.016360,-23.892611
643.108948,997.785889,1079.554443,239,14.042948,11.263296,-9.065873
616.330688,1034.478638,1297.215942,240,9.982497,17.150637,-2.606847
570.244568,1155.239868,43.342663,241,1.604062,4.686896,8.350032
561.054077,1146.305054,283.859070,242,0.345147,2.326624,18.675438
536.675659,1167.307251,474.733917,243,-3.623374,6.725336,17.984423
576.131714,1146.943359,554.202209,244,2.351941,3.616668,-0.713098
603.039795,1164.219238,713.354675,245,6.527812,6.988748,-8.086267
641.486694,1160.312988,792.256592,246,12.671646,5.279200,-25.446924
653.172180,1159.228760,1073.555176,247,15.370730,4.822036,-9.377146
620.306213,1137.934448,1319.178711,248,10.029709,1.909077,-0.503849
555.683228,1336.206787,36.936218,249,-0.744292,3.783824,7.231046
541.055786,1321.078613,276.595673,250,-3.840632,0.005079,16.992653
544.701477,1284.543701,449.665405,251,-3.219501,-4.750787,14.676289
581.552490,1285.883179,573.598083,252,3.447489,-4.442502,1.626351
600.082275,1309.714478,729.075378,253,5.844951,0.520111,-4.782706
600.063477,1345.025146,806.360229,254,6.485249,1.176139,-24.746027
581.904602,1368.275024,1070.613037,255,4.525413,7.730175,-10.471806
577.401978,1352.090576,1315.248657,256,3.202415,7.579437,0.338819
762.130493,1495.104126,1501.190796,257,2.082594,-2.389367,1.185429
788.215149,1492.054932,245.884201,258,6.633235,-1.807202,11.632298
790.138611,1486.039185,402.867035,259,6.513584,-2.396505,4.744741
744.003845,1473.041626,581.290771,260,-2.505826,-4.389308,2.759432
727.180115,1412.274048,723.960876,261,-6.238462,-15.430526,-2.478160
738.003601,1400.044434,876.497986,262,-2.492610,-16.332893,-14.526167
752.590698,1461.949097,1095.395142,263,1.411719,-5.630090,-6.159002
748.045410,1483.375488,1330.644043,264,0.052661,-3.005013,2.594087
781.437561,101.569267,44.826530,265,4.809247,-15.167426,7.672105
780.334473,160.014282,242.444382,266,5.467808,-6.192329,11.197380
764.571350,165.418945,401.222748,267,3.002169,-5.187523,4.694594
753.734497,137.955383,561.289673,268,1.083781,-10.048458,-0.330361
767.994568,126.085350,698.988525,269,2.916341,-11.631746,-9.544827
786.926941,157.699951,894.531006,270,6.143956,-6.071112,-8.398032
752.485474,132.772507,1120.619751,271,0.986778,-10.382989,-1.880488
762.482666,135.979568,1292.032104,272,2.153670,-9.552524,-3.486684
751.498718,363.789032,58.640491,273,0.849450,-2.453621,11.305292
753.257568,338.935333,221.802948,274,0.923322,-6.532793,6.209444
767.931519,316.764893,407.967896,275,3.199988,-11.055181,5.532188
763.701721,321.586365,542.312683,276,2.344008,-10.584144,-3.111944
791.970764,379.958466,750.569092,277,8.120140,0.506741,-0.195654
805.109070,370.175812,906.966248,278,10.405511,-1.214251,-6.489062
782.404236,346.961334,1060.843750,279,5.953496,-4.408473,-11.737279
757.842224,317.041138,1307.511230,280,1.333671,-10.162275,-1.318413
776.638489,517.770508,14.755940,281,4.353760,-7.714840,3.586795
770.568237,502.019226,256.232574,282,3.773754,-10.068284,11.507686
795.869873,542.022827,410.162811,283,7.161291,-3.662210,6.561946
772.065735,571.245789,584.303955,284,4.280762,1.466563,4.014706
782.033691,592.969055,750.697998,285,6.243965,5.394742,0.488983
809.356262,562.259155,868.283630,286,10.991451,0.633996,-13.078130
805.299377,534.709656,1061.756714,287,9.889294,-3.916397,-12.057079
808.383667,558.204468,1310.133789,288,10.729237,-0.445121,-0.902561
790.325745,757.059753,1489.323120,289,6.850722,0.433666,-1.629310
756.196716,769.533142,298.361328,290,1.329397,4.948171,20.003767
771.708069,806.935913,403.984253,291,3.058258,10.304246,4.953820
772.143433,796.381653,599.442139,292,3.514920,8.629438,7.207696
751.455994,802.038574,765.607361,293,0.129102,9.923879,0.731479
785.225342,783.712219,818.552063,294,4.397224,6.900254,-20.089771
807.843872,791.514404,1071.705444,295,9.633423,5.915944,-10.731072
798.776001,748.997375,1309.755981,296,8.091388,-0.999121,-0.756243
775.161987,999.845886,12.159311,297,4.159692,12.217512,2.621388
740.442688,1020.091492,315.210693,298,-2.774262,13.895070,22.081141
745.733521,973.376465,392.114960,299,-1.224239,7.566775,4.006288
733.835266,963.856812,608.485474,300,-2.936675,5.911083,8.834804
721.108093,960.776611,762.340332,301,-3.811749,7.046329,0.112408
744.095520,1009.448242,821.993835,302,-3.549341,13.590698,-20.897285
776.644409,992.221558,1074.806274,303,4.574557,11.181003,-9.342875
766.351135,1014.025391,1269.181641,304,2.437872,14.747972,-8.081399
759.123596,1151.269653,32.715195,305,1.429248,3.931777,5.359126
733.852417,1122.823120,269.526855,306,-4.081159,-0.477106,17.299467
706.939697,1141.787354,405.644623,307,-7.925203,2.216583,5.907344
652.703186,1151.485229,595.030823,308,-18.078604,6.135227,5.970418
708.554749,1144.819946,774.486389,309,-6.649698,2.199289,2.179803
746.141907,1126.039673,844.394348,310,-4.005084,-1.162257,-18.787800
768.472473,1150.598877,1073.199219,311,2.938851,3.225284,-9.283274
742.281067,1130.808472,1263.136719,312,-1.181028,0.256103,-8.853531
772.274109,1370.131226,11.363764,313,4.050216,10.441672,2.743077
752.360718,1352.606445,272.002472,314,0.290725,6.173199,16.077986
719.513428,1327.172974,414.615112,315,-5.672453,2.241734,7.529887
673.085449,1337.501465,588.329712,316,-13.540969,1.604291,6.189764
691.427246,1339.181030,760.178711,317,-9.816885,2.130456,-0.953499
748.563843,1349.181885,858.510315,318,-3.154669,3.887577,-16.161957
785.233093,1346.219482,1065.571655,319,5.462254,3.684340,-11.174357
776.143005,1366.286499,1285.610718,320,4.155079,8.543099,-4.426276
945.260986,1482.722168,36.404537,321,1.761310,-1.984776,7.182556
930.895264,1.066041,237.434998,322,-0.997951,0.363298,10.235110
943.624390,19.200733,415.755280,323,1.034660,2.281595,6.310418
967.006104,8.793272,535.897095,324,4.836715,1.611266,-3.674172
970.485046,1478.230347,734.780762,325,5.341417,-3.962048,-3.985380
962.278931,1439.279541,874.105286,326,2.037317,-9.679290,-11.873534
983.146851,1457.480347,1113.332764,327,6.774961,-8.097023,-2.741634
985.659851,1478.809204,1309.005981,328,7.260479,-4.733201,-0.616342
946.014587,118.836273,64.103348,329,1.887415,-12.467807,11.512836
960.006165,160.681824,236.491409,330,4.866057,-6.389235,9.831532
972.851990,122.031532,389.373474,331,7.009844,-11.184609,3.322163
989.699219,128.077805,553.317871,332,8.357055,-10.352781,-1.210514
980.624512,129.734238,718.098083,333,6.561968,-9.863892,-6.204207
963.336243,175.326584,893.166138,334,3.903258,-3.074424,-9.604961
954.161682,125.958427,1098.300049,335,3.032405,-10.640991,-5.810183
942.425903,111.458122,1304.690308,336,1.241188,-14.322798,-1.281056
1015.358093,354.205414,74.056282,337,14.028892,-3.690508,13.665911
1014.245544,331.649200,220.529953,338,14.295998,-6.778694,6.580103
988.755798,341.778656,391.954926,339,8.993378,-7.311498,2.939425
997.864868,339.199371,580.270752,340,9.626515,-7.261683,4.007963
985.533997,381.705872,736.783447,341,7.817180,0.429029,-1.930929
953.008484,365.751801,912.384644,342,1.964885,-1.326240,-5.707425
944.839905,364.978424,1048.803711,343,1.258958,-1.757344,-15.859352
975.572693,352.321625,1293.109863,344,5.910780,-3.608683,-2.703647
1007.540283,562.032715,18.736006,345,12.634418,-0.158017,5.010830
1029.593994,523.191101,254.567017,346,15.226623,-6.056465,11.236296
994.122864,548.872375,399.689636,347,10.713563,-1.973164,4.765049
1011.629456,577.450500,583.922668,348,10.236547,3.672222,5.088455
1004.534119,583.052979,763.252808,349,10.290661,4.567191,0.584067
946.929565,588.298889,870.273621,350,2.956785,4.250260,-12.477696
956.775757,569.864868,1059.546997,351,2.184348,1.113972,-12.884068
960.781982,597.309631,1307.034668,352,2.894571,6.110405,-1.338449
972.180359,723.269165,1492.481323,353,5.427613,-4.915793,-0.465941
1017.726135,742.855286,275.280792,354,11.705548,-2.483252,15.571879
972.505920,750.223938,423.227966,355,7.207488,0.316791,8.990606
988.369080,773.058411,578.581543,356,7.539589,1.986188,3.695557
981.385681,761.499512,761.619446,357,8.135950,-0.349587,1.728443
961.548035,741.608337,882.152466,358,4.934931,-1.818526,-11.961082
943.664551,753.249146,1044.884888,359,1.261736,0.465236,-15.604381
939.626587,708.958557,1297.850464,360,0.188294,-7.409893,-2.640852
957.088013,999.459839,17.526752,361,3.447423,11.012701,2.710556
956.715698,973.732788,283.684875,362,2.440243,6.913804,17.780210
927.543762,956.701172,404.307556,363,-1.736055,4.477885,5.386896
933.171143,920.420898,587.910767,364,-0.220647,-1.851642,5.205076
915.884399,929.676880,737.835876,365,-4.089465,-0.672798,-2.872723
944.173584,989.272827,904.054321,366,0.725948,9.854586,-6.971173
943.633362,1012.510559,1068.219971,367,1.301058,13.211667,-10.397379
952.879578,1005.254761,1254.163330,368,3.109362,11.837495,-10.272667
984.228149,1167.620361,1500.525391,369,8.425448,7.987276,0.595436
942.842102,1178.988770,257.731842,370,0.885104,8.450020,13.415993
927.198425,1150.741699,400.184113,371,-2.725782,4.702020,4.152225
920.616211,1149.415649,582.174377,372,-3.183495,4.972732,3.418793
887.943787,1146.901855,747.701233,373,-9.710539,4.318886,-0.275371
928.357239,1133.447876,927.345764,374,-0.786287,0.944686,-3.088004
964.413208,1151.354004,1085.098267,375,4.802027,3.808355,-8.321500
982.866516,1160.618042,1256.720459,376,7.727142,6.421186,-9.929015
1000.766357,1352.711304,1499.943604,377,12.074121,5.205457,0.382927
961.303284,1344.206299,235.573227,378,4.112453,5.646297,9.413126
926.039673,1365.304199,400.391937,379,-2.188461,9.014327,4.477301
925.043274,1358.098633,580.091370,380,-2.411082,7.216273,2.772511
908.820496,1344.074463,747.242615,381,-5.827218,4.572943,-0.437626
930.984009,1327.172363,914.815674,382,-0.415196,1.954594,-5.732403
975.303467,1322.136597,1097.046753,383,7.803332,1.570212,-5.755064
997.561951,1342.750244,1282.424561,384,11.910854,4.990099,-5.281825
1135.189941,1441.380615,20.272860,385,2.391415,-11.632066,3.430810
1123.637939,1477.005737,210.972473,386,-0.188609,-3.917302,4.039671
1080.335815,62.701290,379.846802,387,-8.059923,10.124957,1.877533
1045.697754,28.339325,564.759155,388,-14.476336,6.018467,0.632139
1046.839966,1.266181,730.912415,389,-13.400015,0.277804,-4.126991
1103.570679,1474.124878,903.483643,390,-4.124939,-5.383592,-7.284176
1102.488159,1426.404907,1116.920288,391,-3.310551,-14.402820,-1.753418
1083.023193,1434.036865,1326.072632,392,-5.202882,-12.199617,1.872056
1161.171875,161.156387,41.993065,393,4.820594,-4.778171,8.340287
1128.767212,197.628067,275.537689,394,1.086732,0.940765,17.062675
1130.732422,174.070435,351.652100,395,0.466571,-1.321112,-4.431550
1094.469482,189.381516,567.040222,396,-5.441599,-1.676787,1.806484
1102.614868,197.069183,709.858154,397,-3.893948,0.457737,-8.151856
1089.721680,156.628189,870.322083,398,-5.535076,-5.331233,-13.060308
1093.690430,128.768448,1088.209717,399,-5.368197,-10.850785,-6.943714
1129.704102,126.586777,1354.468140,400,-0.220003,-10.496346,6.667240
1143.772827,377.786682,80.501221,401,2.606699,0.508859,16.578196
1130.434570,356.856079,194.334518,402,0.549488,-3.182951,0.370336
1109.427979,306.721375,359.798065,403,-2.931069,-13.797293,-2.108757
1089.156250,326.563873,608.982605,404,-5.093556,-8.912881,5.845354
1087.047119,362.083344,710.750916,405,-6.671577,-2.998513,-5.205625
1073.065063,372.880035,861.597412,406,-8.210962,-0.287846,-14.851542
1107.965088,387.443878,1085.904541,407,-3.308369,1.920559,-7.830952
1134.732300,384.737183,1353.021729,408,1.355808,1.664938,6.699758
1179.503540,562.505859,73.398399,409,10.051489,-0.391297,14.447546
1155.833984,555.033020,175.120728,410,7.043125,-1.323586,-2.333582
1092.999023,570.715942,383.912048,411,-5.171905,1.561921,1.816168
1070.218994,592.341980,600.897522,412,-7.145290,4.376450,6.075213
1071.782959,586.177185,756.810303,413,-8.386466,5.118930,0.384801
1101.936157,591.314941,825.991089,414,-5.206679,5.192980,-19.963722
1154.296631,590.625000,1111.520386,415,5.820001,4.631628,-3.271497
1164.618652,584.969910,1323.680298,416,7.823236,3.275126,1.326155
1176.727051,702.818298,49.000114,417,9.863716,-8.979026,9.619563
1176.624634,701.565918,211.720932,418,9.746087,-8.964725,4.161538
1120.943848,725.975891,405.638550,419,-1.910382,-4.564380,5.259141
1073.751587,722.298706,584.303955,420,-7.480560,-3.920281,3.901507
1075.503784,732.295471,761.505737,421,-8.985297,-4.211205,1.999032
1101.260620,753.385925,855.247742,422,-5.465891,-1.462600,-16.345469
1207.593384,755.180359,1111.333862,423,14.652541,1.236564,-2.013867
1201.513550,720.598633,1277.950562,424,13.171509,-4.655139,-6.528868
1198.628906,985.258240,29.114645,425,12.056322,8.479044,5.872241
1218.397339,953.072144,228.184875,426,15.345587,3.252086,6.689805
1159.160156,944.379150,403.809174,427,6.138209,1.758598,5.466960
1121.891602,943.987061,594.506958,428,-0.889099,1.404127,6.304372
1122.180298,931.680420,723.770813,429,-0.377753,-0.501962,-5.785274
1140.569824,979.451294,920.673828,430,3.034714,8.393261,-4.692253
1210.620117,993.361145,1094.417969,431,12.138520,9.747093,-3.976030
1204.294434,995.888916,1262.222778,432,11.784716,10.687498,-9.479213
1180.074219,1221.372559,1498.575684,433,12.172920,18.365868,0.653153
1204.875366,1188.607300,210.183548,434,14.628370,12.076006,2.686634
1168.146729,1176.163818,403.202850,435,7.799148,9.057570,4.934467
1149.997559,1166.894409,589.855957,436,4.793007,7.705063,5.172890
1127.190796,1167.097290,723.503296,437,0.842488,7.623663,-5.359537
1127.774414,1146.634155,954.416199,438,1.517876,4.512319,1.104631
1172.331055,1169.251831,1107.791260,439,6.364241,7.155798,-2.726908
1181.444092,1191.640869,1269.848511,440,8.114433,10.916025,-6.724946
1178.846191,1310.876343,1478.077393,441,12.066586,-0.314453,-2.641139
1184.947998,1325.968140,184.811584,442,11.605509,0.488860,-1.611178
1141.133667,1293.923828,383.966675,443,3.163349,-3.369970,2.023197
1114.019043,1287.091553,593.021729,444,-1.494447,-5.377315,4.989612
1104.152466,1275.743408,715.817993,445,-3.106038,-5.959853,-6.152169
1110.357910,1285.240723,941.910522,446,-2.826631,-5.450726,0.109632
1116.731201,1303.045410,1126.598267,447,-1.603957,-0.181263,-0.098610
1144.154297,1319.771851,1334.101440,448,3.660535,1.040084,3.877567
1290.200684,1360.076050,16.760025,449,-2.591488,-26.367842,2.713234
1306.452148,1429.308350,201.945221,450,-1.417667,-14.402554,0.972625
1309.475342,39.442085,378.599579,451,-1.961742,6.492289,1.010273
1313.577637,56.353741,561.957031,452,-0.722078,11.288960,0.089518
1294.711914,22.184036,711.069946,453,-4.076693,4.024840,-7.560366
1231.593628,1.711215,879.507080,454,-14.108691,-0.847758,-10.325913
1214.563354,1451.764893,1122.428955,455,-17.670059,-10.776590,-0.799775
1276.261108,1373.695190,1381.874634,456,-5.396522,-22.543552,13.488974
1252.441162,172.610199,42.681023,457,-9.393888,-2.983949,8.156589
1277.919800,187.376175,260.386444,458,-7.810987,-0.691173,13.941407
1276.719360,178.921783,383.449493,459,-7.614295,-2.019850,0.244560
1314.438354,190.960968,560.326355,460,0.127569,-1.883970,1.018636
1287.003418,207.478958,693.417175,461,-3.822974,2.741338,-11.405098
1275.479980,180.288925,870.835022,462,-6.756509,-0.684817,-13.064427
1284.143555,173.212784,1083.368164,463,-5.654535,-2.682307,-7.624107
1273.653931,172.491516,1362.076416,464,-6.628592,-3.652395,8.987675
1274.192017,419.209564,79.363213,465,-5.651378,7.651467,14.659491
1287.799683,388.546417,173.090149,466,-5.582228,3.501572,-1.409034
1306.192505,320.337189,406.596283,467,-1.395675,-10.502611,4.738585
1353.558350,328.241089,599.693481,468,5.528562,-8.002855,5.418767
1336.100830,379.469269,710.035522,469,5.886632,-0.252777,-4.805495
1326.018555,410.027832,844.534668,470,3.016421,7.009388,-17.979347
1308.226807,434.694824,1095.839966,471,-0.648741,11.107582,-5.534719
1291.931641,426.373962,1348.314453,472,-3.195662,9.218370,5.338201
1288.634277,571.298950,88.629631,473,-2.769327,2.577605,16.344521
1321.125366,601.195557,152.083145,474,-0.398316,5.682931,-4.562378
1354.505493,595.443604,384.105927,475,6.404066,6.261574,1.322861
1340.193481,586.948242,584.177002,476,4.952634,4.557366,4.361917
1326.252808,564.369446,774.548035,477,3.225626,1.016766,3.926142
1326.630737,565.996704,828.998230,478,2.827931,-0.879093,-20.632826
1314.773926,595.626404,1128.795044,479,-0.088144,5.821178,0.060504
1313.900269,610.018188,1312.738525,480,-0.362611,7.294224,-1.299193
1311.560547,711.032837,66.911751,481,-0.544395,-8.731739,14.479953
1318.911133,698.579224,179.064636,482,1.059068,-10.079520,-2.259867
1362.165405,728.060303,385.064178,483,8.591888,-3.598697,1.140469
1332.941040,718.717834,565.891479,484,3.854120,-4.797176,1.191093
1314.246582,727.149170,748.717041,485,0.196402,-4.753164,0.108501
1333.851074,780.202026,904.244446,486,2.938713,5.205728,-7.039110
1299.759399,775.787842,1133.840454,487,-3.174010,3.068557,0.112661
1305.310303,712.542480,1273.775879,488,-1.526325,-6.427753,-7.309501
1299.473877,985.480286,40.887100,489,-2.110306,8.365315,8.277804
1289.933472,947.359375,212.108322,490,-3.232533,2.880708,4.977134
1336.851074,961.540344,386.275269,491,3.483196,4.262404,1.931222
1334.621704,972.476807,554.882690,492,3.258583,6.705072,-1.058339
1288.011353,938.731934,735.774719,493,-4.691276,0.074132,-2.583522
1310.762817,947.646179,941.129639,494,-0.377160,1.737935,-0.147546
1289.624878,937.166748,1121.416748,495,-1.797899,1.346755,-2.302754
1301.780518,986.199463,1263.462402,496,-2.923821,8.527760,-9.256040
1308.035400,1247.014404,39.474308,497,-0.903119,22.160921,8.457535
1311.808105,1214.828613,164.041962,498,0.093148,17.004869,-5.697171
1314.513550,1177.848755,402.259399,499,-0.192599,8.498364,4.372219
1316.266357,1162.506348,567.846313,500,-0.862340,6.660453,0.285865
1290.191406,1156.692749,698.207275,501,-4.739508,4.777278,-10.001221
1299.116089,1123.158936,940.346985,502,-3.369323,-0.777544,-0.476312
1256.558594,1137.401123,1129.676636,503,-8.783792,2.323959,0.164981
1285.680176,1166.343384,1306.495483,504,-4.556088,7.768614,-0.852252
1311.223999,1291.850220,30.718809,505,-1.631593,-2.434880,5.604089
1320.406494,1286.791504,127.959473,506,1.274469,-4.554384,-10.700549
1321.290405,1255.795654,360.459137,507,0.125882,-8.678045,-2.374270
1297.028687,1241.590698,558.660583,508,-2.974329,-13.133614,-0.928295
1264.623291,1257.246704,715.153625,509,-8.656559,-8.836678,-7.400063
1232.967285,1247.656738,909.515381,510,-13.884186,-10.392103,-4.067703
1233.641602,1256.259888,1177.353638,511,-13.367722,-9.025686,6.813322
1300.371094,1304.459717,1382.146973,512,-2.827451,-1.833332,15.877037
