i,x,y,z,vx,vy,vz
1491.656128,1445.869263,28.151716,1,-3.206560,-15.023246,7.772005
1.327225,1458.508423,216.862106,2,0.669043,-11.252829,6.626976
0.239166,1494.395752,355.281830,3,0.078250,-2.331493,-5.082069
1497.721558,12.954144,568.342712,4,-1.346934,3.346498,2.041236
1497.847534,4.923301,730.233276,5,-0.623203,1.459156,-3.810929
1496.324463,1.435709,881.096252,6,-1.545060,0.601947,-16.597742
1491.564697,1475.457275,1132.618652,7,-3.215361,-6.959078,0.880512
1483.350464,1455.997559,1343.963501,8,-5.227828,-11.674790,8.361534
0.124774,176.274139,30.505959,9,0.098384,-2.692652,8.212729
3.815729,179.788223,226.336349,10,1.618081,-1.811536,10.333283
5.624866,185.191101,364.233551,11,2.612615,-0.278969,-3.889387
1492.480103,194.703842,569.983032,12,-2.576566,1.710386,2.479505
2.697415,221.009003,728.373291,13,0.652660,8.800858,-5.942544
3.461993,211.847672,894.160278,14,0.870842,6.450838,-12.353535
1491.425171,201.288757,1103.983887,15,-2.680617,3.462815,-6.030690
1494.365356,190.420700,1338.106689,16,-2.029055,0.655391,7.130418
1495.845703,394.755585,54.008804,17,-1.387886,4.341774,15.399393
1499.226318,380.564667,182.196869,18,0.727271,1.862814,-2.806972
1494.938843,358.963470,390.244385,19,-1.010770,-5.001440,3.775350
1480.461426,361.381653,594.286621,20,-4.354535,-3.638915,8.362214
6.104092,376.718658,731.031982,21,2.011358,-0.096290,-4.069916
15.985065,388.845215,888.459473,22,3.616385,3.574640,-14.384641
1500.244629,395.479736,1096.828857,23,-0.834272,4.545889,-8.276153
1493.549683,395.431030,1318.419312,24,-1.564367,5.500938,1.766539
1482.065063,557.739746,46.551174,25,-4.701439,-1.010758,13.207273
1485.753296,575.942871,184.328781,26,-2.812807,2.583348,-1.999416
1487.781860,580.483765,382.496216,27,-3.120628,5.315279,2.107865
1500.572998,562.715698,584.204102,28,-0.117302,0.059403,6.032506
11.984414,551.180054,747.498657,29,3.255822,-3.838908,-0.321423
1500.504150,550.641785,887.877686,30,-0.471205,-3.567215,-14.786613
1469.455933,554.181091,1104.460693,31,-8.562511,-2.333873,-5.904427
1475.604126,563.346558,1318.454468,32,-6.454309,-0.099101,1.632303
1491.397949,744.835938,42.363091,33,-2.089106,-1.675874,11.883378
1487.587524,741.562866,213.890259,34,-3.381468,-2.873037,6.272075
1496.712524,763.801270,365.572418,35,-1.529447,2.661457,-2.671589
13.833113,760.098389,570.457214,36,3.069501,2.903241,2.697298
16.016752,748.268433,733.366760,37,4.396698,-0.212185,-3.799890
1481.732910,760.331543,913.938904,38,-5.244912,2.290911,-7.885363
1450.191040,752.077515,1101.423218,39,-13.516323,0.893030,-6.700871
1466.870605,740.032593,1316.082886,40,-8.812953,-2.855667,0.980716
1493.788208,961.684998,38.542526,41,-1.716695,6.070195,10.271961
12.426942,949.502930,216.803391,42,2.781745,3.005736,7.551638
30.672264,935.280823,384.426208,43,8.479023,-1.059539,2.279438
26.042013,942.703491,543.672668,44,7.281545,0.888388,-4.449944
15.863692,923.270630,731.079285,45,3.892454,-3.750079,-5.351673
1475.835571,928.466370,918.144836,46,-7.511748,-2.994153,-5.565759
1446.757812,937.765564,1101.129028,47,-15.242926,0.205993,-6.497963
1463.207886,951.236938,1322.598633,48,-9.622347,3.670107,2.049793
1492.846558,1170.235596,39.368507,49,-2.709694,11.781982,10.584248
3.203672,1172.985962,178.604019,50,0.661157,13.122708,-2.507428
39.217064,1147.035767,401.305420,51,10.403065,5.323559,6.218847
13.135487,1130.830322,547.479797,52,3.792606,2.185466,-2.869782
1495.163086,1133.391479,709.709106,53,-1.507458,2.153862,-11.258229
1462.826538,1124.470459,920.710693,54,-10.913819,0.005000,-5.384676
1453.442261,1142.732910,1117.338989,55,-13.153337,3.584559,-2.002175
1462.862305,1150.241089,1340.675171,56,-10.458310,6.339075,6.831707
1478.771729,1305.078735,43.957588,57,-5.764801,-2.150433,11.614343
6.055936,1300.764038,165.119461,58,1.272485,-4.116447,-5.941929
23.823286,1291.839600,373.115051,59,6.631647,-5.578341,-0.400021
15.289767,1290.965820,545.313721,60,3.860381,-7.044164,-4.053761
2.755953,1299.742432,726.499817,61,0.818451,-4.257879,-6.426059
1483.720703,1289.876709,902.601746,62,-4.559777,-6.142281,-10.093025
1479.632690,1298.644165,1147.084473,63,-5.638153,-3.568023,4.919763
1451.755493,1307.750610,1352.326172,64,-12.744217,-1.463832,10.394410
182.603256,1472.557617,24.522163,65,-2.040238,-7.604117,6.095774
178.698181,1455.512817,211.725037,66,-2.295679,-13.139014,6.208797
195.331635,1458.731567,363.335785,67,1.663107,-12.393049,-2.456979
205.197403,1475.749756,567.376953,68,4.653879,-6.730233,0.775996
202.139633,1499.058105,736.335022,69,3.784215,-1.039871,-2.600625
208.158859,10.170622,880.680054,70,4.816077,2.170952,-15.687501
193.780838,0.166664,1117.389648,71,1.331557,-0.647146,-2.898738
182.443741,1492.970459,1355.028442,72,-1.337799,-2.943795,10.887144
178.267471,175.123779,21.524361,73,-2.802932,-3.511510,5.005807
157.178482,170.999588,206.787613,74,-8.554497,-4.188403,5.028872
146.895798,178.000565,373.798920,75,-11.938660,-2.417067,-0.088669
166.959381,184.848465,586.427795,76,-5.676340,-0.496487,6.222804
184.956421,208.046448,735.487732,77,-1.173211,5.557594,-3.937122
195.569550,202.292145,903.616943,78,2.065089,4.512003,-9.765684
205.980957,203.821136,1089.835327,79,4.214060,3.575836,-9.611904
198.921280,192.412445,1337.202026,80,2.482906,1.391960,6.552238
163.386398,363.945679,30.768215,81,-6.267138,-2.627905,8.423836
150.150314,364.963745,190.263885,82,-10.832187,-2.597220,0.298952
157.053528,352.778107,395.469330,83,-8.653891,-5.573667,5.499739
170.204956,376.579376,598.824646,84,-4.698214,-0.043101,10.153948
174.369217,383.549896,739.508423,85,-4.167030,2.189443,-3.083269
180.989594,405.124573,910.444336,86,-1.457320,6.158317,-7.580850
188.972992,380.540283,1073.320923,87,0.024357,1.945393,-14.818961
175.174088,366.256592,1317.286865,88,-3.589507,-1.874152,1.145399
147.774414,555.921631,28.169081,89,-10.985361,-1.713809,8.103577
136.118835,565.295654,198.509171,90,-14.790452,0.113560,2.541432
143.261948,583.095642,388.218658,91,-11.928233,4.870164,3.206129
155.272141,552.298950,590.767517,92,-8.912877,-2.507738,7.361553
163.167282,544.278625,755.629944,93,-7.042572,-6.064717,0.899610
176.685867,521.961609,892.149780,94,-2.969776,-10.068914,-12.000740
170.058167,534.393372,1078.884644,95,-4.818385,-7.290275,-12.965712
148.574249,548.413208,1323.055542,96,-11.100959,-4.207117,2.610076
147.101654,758.677490,17.715076,97,-10.151681,1.727587,4.909385
152.780762,775.408691,236.581970,98,-9.338522,6.689394,12.510637
168.804871,804.024475,371.281586,99,-5.068716,15.248453,-0.687576
157.126740,795.202454,564.694519,100,-8.429383,11.737784,0.386055
165.285583,754.592529,765.030884,101,-6.419440,1.148554,4.391986
170.018936,749.789673,876.851562,102,-4.509448,-0.168253,-17.022224
146.638184,739.204468,1077.282471,103,-10.132900,-2.445474,-12.502534
138.250916,746.707397,1345.985962,104,-12.756387,-1.257243,7.657550
157.995865,961.183716,34.713196,105,-7.667513,5.861674,9.039227
167.435211,958.808350,254.184265,106,-4.573790,5.398334,18.936195
180.878250,954.268677,379.338196,107,-2.464882,3.178945,0.153903
168.344955,949.714294,547.680481,108,-5.689773,2.143952,-3.963348
174.568115,935.334106,720.293579,109,-4.134033,-0.756063,-7.396451
157.933762,924.533813,879.250793,110,-7.087242,-3.393093,-16.041986
147.742004,948.183228,1094.463013,111,-10.522532,2.464364,-8.259908
146.473129,955.848511,1346.506958,112,-10.845112,4.618142,7.942464
155.862717,1159.026611,40.044476,113,-8.045115,8.628571,10.572811
182.936218,1159.025757,244.313690,114,-0.748484,8.443613,15.359140
199.196976,1143.684814,388.836426,115,2.134077,4.662696,3.281175
203.960754,1123.237305,529.315063,116,3.740134,0.422785,-8.454680
205.903625,1121.831787,703.378174,117,4.045750,-0.300609,-12.083686
166.993393,1128.652466,888.699707,118,-4.923193,0.855223,-13.785501
159.219437,1145.375610,1111.796021,119,-7.704324,5.446006,-3.896748
151.715256,1155.732178,1350.159424,120,-9.016170,6.975373,9.482692
156.697098,1311.037109,48.114880,121,-8.647933,-0.698599,13.145222
179.256714,1307.731567,200.654160,122,-1.984873,-0.737873,3.353023
202.981903,1284.089478,389.766083,123,3.430486,-7.266803,2.934576
212.539383,1299.350952,522.417542,124,6.433313,-4.268524,-10.036148
205.758987,1310.940430,730.989807,125,4.608863,-0.759804,-3.651095
190.931976,1312.681152,874.418945,126,1.133313,-0.622384,-18.401180
165.774658,1303.817749,1124.910156,127,-6.037130,-2.880644,-0.661867
158.491379,1302.247681,1364.532471,128,-8.050925,-2.454753,13.202153
376.320160,1488.507202,25.892534,129,0.625745,-2.862148,7.455999
370.653381,1487.178223,212.573776,130,-1.350590,-3.025082,5.828029
368.193207,1458.793213,387.853088,131,-1.684236,-10.810922,3.321862
377.115204,1466.647949,559.466370,132,0.663805,-8.861795,-0.805239
386.447449,1481.724731,729.789795,133,2.846719,-5.099254,-5.454709
399.173737,6.325534,908.294495,134,6.203904,1.333912,-8.668578
411.254456,1.322750,1095.041260,135,9.133657,-0.003151,-8.130743
406.094482,10.003958,1336.816650,136,8.734237,2.004092,6.221674
388.633606,171.541656,2.445181,137,3.753135,-4.003404,1.038744
375.117523,142.282196,201.046036,138,-0.403983,-12.274920,3.707586
367.132904,143.721298,404.101685,139,-1.869787,-11.518300,6.783822
373.568695,163.402695,576.715454,140,-0.555198,-7.020837,3.859890
376.285461,185.025681,737.232117,141,-0.269096,-1.643735,-3.090289
383.346924,178.667755,911.052612,142,2.109274,-1.980208,-7.751894
393.320282,193.541840,1102.705688,143,5.173975,1.385020,-6.737571
404.321533,188.094742,1320.496948,144,8.146071,0.640479,1.944988
381.482483,361.280304,5.060965,145,1.912588,-3.302490,1.976934
357.708771,369.305054,191.936783,146,-4.795268,-2.067307,1.560527
363.627930,368.282501,418.838470,147,-2.779598,-1.911974,11.694768
364.703278,371.576416,577.458191,148,-2.801623,-0.921200,3.089097
358.373596,381.501251,740.673279,149,-4.875620,1.849741,-2.490511
360.466125,387.075806,921.219666,150,-3.756116,2.826902,-4.354443
374.706146,369.044250,1083.128784,151,-0.065292,-1.214872,-12.321991
394.863739,352.252167,1318.049683,152,5.391310,-5.537614,1.040301
361.645691,532.615173,15.180745,153,-3.350683,-8.092065,4.049401
357.288788,551.586426,215.523239,154,-4.909993,-3.368806,7.440286
371.878967,571.366821,406.763092,155,-1.267583,1.729655,8.697536
375.113251,560.450745,566.933167,156,-0.168832,-1.065841,0.227302
360.255280,552.397400,757.396606,157,-4.430665,-3.624547,1.696140
355.997742,531.843445,891.821228,158,-5.030407,-7.903302,-12.163549
366.013489,531.776306,1086.956299,159,-2.344132,-8.219252,-10.690652
374.225677,542.344177,1315.360840,160,-0.142329,-5.897066,0.654895
352.268646,753.563538,11.483347,161,-6.172357,0.754293,2.702729
345.686035,770.083313,240.541977,162,-7.865676,5.400739,13.363106
343.128082,787.208191,389.828552,163,-8.386269,9.561407,3.231697
371.290344,784.922852,563.728027,164,-1.499333,9.318582,0.581926
366.812469,759.371887,770.234009,165,-2.619244,2.792204,5.588725
358.361969,749.024780,865.284058,166,-4.135545,0.200483,-19.292746
373.577637,738.055176,1084.893188,167,-0.659875,-2.874665,-10.875972
371.347443,739.274048,1329.270264,168,-1.067690,-3.255576,4.112787
348.967224,971.644043,24.442146,169,-6.684205,8.625134,6.212908
333.204865,970.397705,254.617310,170,-10.765594,8.558391,17.213631
328.287079,977.807129,388.924500,171,-12.587789,10.044161,3.506253
375.091766,982.456238,561.777649,172,-0.873541,11.327185,-0.503418
383.896820,957.769897,742.249207,173,2.305707,4.900621,0.036728
379.862549,936.907532,856.609741,174,1.345280,0.401214,-22.826691
381.307739,957.492065,1097.577881,175,1.389052,5.426125,-7.589664
373.101440,972.455139,1330.152832,176,-0.646941,9.096515,4.027919
358.908173,1156.665771,32.565895,177,-4.060957,7.540267,7.876547
343.130371,1155.064697,251.984711,178,-8.218729,7.093424,16.898382
349.547394,1149.403076,409.481842,179,-7.097969,6.006438,8.652678
384.088043,1137.375000,540.756165,180,1.923995,2.266373,-5.144181
405.710876,1137.691162,715.712891,181,7.909470,2.724576,-8.646310
405.621704,1144.924805,851.352722,182,8.327902,4.186047,-22.869749
386.034668,1147.428467,1120.357300,183,3.609819,4.998053,-1.977041
384.646210,1153.230469,1334.221069,184,2.905411,6.048986,5.319642
365.150818,1321.282593,42.196606,185,-3.082785,1.281581,11.041214
342.285095,1312.027466,223.131607,186,-8.804359,-0.625113,9.318341
359.417297,1299.042969,410.049316,187,-4.343916,-3.520051,8.215924
390.834778,1294.226318,531.559570,188,3.439964,-4.233793,-7.319157
422.913757,1302.843506,720.926025,189,12.562209,-2.186094,-6.718244
427.485291,1319.573242,873.098145,190,13.319216,1.036777,-17.908375
423.066467,1317.006592,1116.381714,191,11.907107,0.601619,-3.531387
400.963196,1299.397339,1338.125244,192,6.430944,-2.919611,6.646393
580.298157,1494.981079,17.142941,193,4.776468,-1.433259,4.927292
566.564880,1498.005127,211.751373,194,1.043795,-0.623033,6.751977
562.969910,1479.641113,390.276794,195,0.983677,-6.215797,3.699770
574.859802,1464.671997,576.302979,196,3.918591,-10.551906,3.032221
587.391418,1454.489136,726.096191,197,5.779538,-13.216908,-5.667301
574.526489,1464.052490,914.500977,198,3.068571,-8.425783,-7.517406
573.381470,1471.605103,1104.328979,199,2.536734,-7.450444,-6.163730
577.672180,1495.185791,1314.623657,200,3.660467,-3.159937,0.638851
552.481689,166.001282,13.573182,201,-2.849663,-5.531423,3.180655
581.846069,153.927368,197.403748,202,4.995611,-9.327916,2.942420
598.648865,154.108170,391.250488,203,9.268304,-9.224519,4.439469
583.930176,148.858170,583.955933,204,5.369490,-10.007494,4.755918
557.643311,158.675232,720.508972,205,-0.846467,-7.734356,-6.807664
551.692627,162.954254,920.976868,206,-2.651052,-6.106496,-5.219914
563.583252,189.640182,1127.725586,207,-0.827988,0.265270,0.157664
542.915222,180.649826,1300.551270,208,-5.613503,-1.591877,-3.428489
560.237244,360.559967,4.304085,209,-0.926921,-3.363880,1.677823
590.426880,359.361938,205.300339,210,6.974648,-4.228463,4.446637
588.611816,361.382721,405.988861,211,6.765663,-3.604820,7.945107
570.699097,370.321167,567.536072,212,1.813957,-1.646078,1.218279
553.848999,378.665436,744.374451,213,-2.465290,1.137461,-0.904319
556.223145,373.175049,913.378906,214,-2.079764,-0.541915,-7.015252
558.759033,355.420197,1105.017090,215,-1.159225,-5.186478,-6.353436
547.139343,350.906677,1310.307983,216,-4.405336,-5.868467,-0.834272
574.644592,533.684814,14.081409,217,2.666095,-8.107564,3.619805
568.417358,548.098145,218.781693,218,1.619693,-4.109050,8.850667
567.642578,561.881287,403.013641,219,1.451339,-0.062827,7.139604
563.549927,570.693726,581.646851,220,0.186880,1.482943,4.255656
564.642944,571.483887,743.034302,221,0.637551,1.729512,-0.773608
566.568970,552.475952,888.433044,222,1.029501,-3.283138,-14.186128
569.018677,527.565186,1095.059692,223,1.461298,-9.203750,-8.536745
566.834839,534.876709,1311.859131,224,1.039979,-7.680806,-0.327290
571.744690,746.089783,11.215360,225,2.490030,-1.095285,3.139875
567.255554,757.855957,240.899139,226,1.381141,2.792880,14.425012
567.178589,779.131531,396.169312,227,1.251695,7.591827,4.222758
564.876770,768.322693,582.893127,228,1.132696,4.810937,4.841512
582.438599,762.905823,742.817871,229,5.670023,3.255171,-0.507742
585.327209,756.032715,874.433777,230,5.702101,1.666578,-17.371311
586.585693,752.787903,1089.950806,231,6.146788,0.640098,-9.622807
587.585876,743.023987,1317.358521,232,6.777676,-2.211225,0.856731
571.435730,987.790161,28.515478,233,2.416345,13.169042,7.119723
568.587402,981.179810,242.945816,234,1.196334,11.775474,15.024543
566.835571,975.656311,404.864441,235,0.904193,9.861922,7.168659
564.781006,1000.148743,569.523682,236,0.910059,17.943296,0.609327
599.232300,974.277710,740.934448,237,9.751347,9.712327,-1.743634
606.749023,964.243164,862.616577,238,10.673955,7.319116,-20.025152
606.121216,969.566345,1102.239502,239,11.210728,8.210555,-6.501014
590.951721,989.782104,1303.709961,240,7.505079,13.401975,-1.928001
565.866333,1143.099976,21.906382,241,1.358584,3.477741,6.257012
561.072510,1138.379639,237.029510,242,-0.060376,2.707979,13.450917
546.471619,1149.783081,428.691345,243,-2.951686,5.285083,13.487657
568.808472,1139.115112,558.176208,244,2.518299,2.257499,-1.748104
584.472595,1146.397461,731.554565,245,5.919695,5.168447,-4.749207
606.904419,1145.489746,861.716125,246,10.619875,4.795883,-20.909769
612.261963,1144.994263,1097.305420,247,12.425879,4.590491,-6.938491
593.517944,1132.726929,1318.496704,248,8.126366,1.457538,0.788044
557.974609,1326.228271,18.410555,249,-0.794776,2.988490,5.410791
551.568542,1319.343018,233.589539,250,-3.274718,0.976363,12.459140
552.872864,1296.390747,413.418396,251,-2.314909,-3.522490,10.203665
571.694275,1298.258179,569.919495,252,3.191062,-3.981997,1.016779
583.238281,1309.481445,738.916931,253,5.305294,-0.241616,-2.519769
583.780518,1336.978638,870.721008,254,4.984393,4.362240,-18.616184
572.311279,1344.792480,1097.191895,255,2.091575,8.004696,-7.785021
570.454346,1332.561523,1314.465820,256,1.641293,5.697018,0.210600
756.994385,1500.254395,1499.744507,257,1.431401,-1.169393,-0.024561
770.754272,1496.758423,216.941040,258,5.265251,-1.462419,8.247947
772.461365,1492.567505,390.404785,259,5.437818,-2.041954,3.662671
749.051819,1484.759399,573.759949,260,-1.147342,-3.680437,2.376888
740.511475,1453.084595,734.079956,261,-3.402010,-12.472394,-4.059371
743.711060,1445.058228,909.212891,262,-1.620432,-14.239732,-8.423015
750.016296,1478.154297,1110.301147,263,0.409032,-5.327859,-4.086454
748.848267,1491.751343,1323.287720,264,-0.515145,-2.679600,2.363649
768.780823,142.026733,24.396852,265,3.874266,-12.275226,6.282454
766.448242,174.369568,214.467941,266,4.013901,-3.773361,7.923290
757.861877,177.176910,389.291138,267,1.612233,-2.984680,3.430060
751.596680,162.681076,562.157349,268,0.357300,-6.894378,-0.201625
759.999329,155.999664,723.367615,269,2.498175,-8.808378,-7.114952
770.450623,172.990250,915.917358,270,5.073588,-4.420441,-6.256637
750.959351,159.298569,1124.564209,271,0.126910,-7.678414,-0.871409
757.175232,160.292816,1301.873291,272,1.525009,-7.021251,-3.184554
750.149719,369.156647,29.599241,273,0.120570,-1.276419,8.500885
751.844299,355.662445,206.274353,274,0.084860,-4.833509,4.428650
760.013977,345.076477,393.380066,275,2.189061,-8.276840,4.423733
758.027588,348.402039,551.112610,276,1.570497,-7.745074,-2.898759
771.679749,378.176025,750.966553,277,5.776983,0.660452,-0.037598
778.476135,373.305206,922.561340,278,7.791473,-0.915742,-4.224953
767.303528,359.502686,1091.439819,279,4.435896,-3.999157,-9.148596
754.188660,344.110870,1310.825928,280,1.133288,-8.200180,-0.934410
764.924072,538.707153,6.497211,281,3.574269,-6.455999,2.133424
761.052490,529.544373,224.955231,282,2.694588,-8.641319,9.708583
776.200623,551.876221,393.540619,283,6.131082,-3.011821,4.729118
761.356995,567.480957,574.101440,284,3.059453,1.113463,2.922366
766.497253,578.779907,749.512939,285,4.434849,4.286329,0.332023
781.371338,561.720886,902.341431,286,8.266896,-0.222622,-10.056224
779.472412,545.997009,1092.830811,287,7.780488,-3.725020,-9.193129
780.474487,560.380981,1312.191772,288,8.263928,-0.918608,-0.510698
772.377625,755.359253,1494.091919,289,5.347633,0.678093,-1.552833
752.713379,758.602600,245.340866,290,1.030591,2.632472,15.909038
762.825989,780.092468,392.508942,291,2.890977,8.010608,3.070361
762.633057,774.426636,581.530823,292,2.909976,6.409164,5.070363
751.424622,777.005493,759.447998,293,-0.121036,7.159843,2.793225
771.864197,766.654297,874.121582,294,4.740060,4.706986,-17.112108
782.295227,774.679260,1098.783447,295,7.732467,5.484982,-7.853144
777.371277,750.875610,1311.544922,296,6.408298,-0.337128,-0.452701
763.773010,968.631836,5.939576,297,3.523897,9.107574,1.680958
745.700012,983.822815,255.475876,298,-1.106409,10.935341,18.064966
748.146301,956.019836,384.034698,299,-0.541916,4.565708,1.895757
741.273560,950.687134,586.151428,300,-2.202489,3.290702,6.437663
732.854004,946.923340,757.752319,301,-4.184597,2.948454,2.200106
750.429321,976.081055,877.636047,302,-0.819069,9.561421,-16.630564
765.148926,964.498413,1098.950195,303,3.155640,7.816221,-7.095562
759.476624,976.407288,1290.332397,304,2.066763,11.005504,-6.378942
755.307678,1140.676758,18.262688,305,1.161527,3.183558,4.434854
743.104309,1123.965942,227.492966,306,-2.456834,-0.349514,11.639382
727.265137,1135.820435,392.135162,307,-5.982483,1.742019,3.565930
699.850281,1137.829346,580.225952,308,-14.035599,3.471633,4.212243
727.553894,1137.703247,763.440369,309,-6.058803,2.462026,4.303395
752.893127,1127.388062,891.180908,310,-0.671803,-0.019342,-13.363089
761.127136,1141.442627,1097.402832,311,1.942538,2.861233,-7.131320
746.734558,1129.678711,1286.786499,312,-1.752497,0.344900,-7.195024
761.799500,1343.123901,4.772033,313,3.075572,7.902054,1.812230
751.535217,1335.496826,230.742111,314,0.284080,5.476933,12.130107
733.940979,1320.783813,396.678223,315,-4.218078,2.027349,4.868721
709.451111,1329.261230,574.881592,316,-11.130530,3.571213,3.287428
718.674194,1329.573853,758.085632,317,-8.664516,4.058895,1.693444
753.253296,1335.113159,898.354431,318,-0.335921,5.585210,-11.314804
769.949341,1333.997925,1094.566895,319,4.837649,4.424180,-8.525309
765.001038,1342.283936,1297.964966,320,3.381661,7.630103,-3.914395
941.677429,1489.522583,18.304577,321,0.773298,-2.460652,5.215468
934.041687,0.598451,212.422150,322,-1.150370,-0.010471,6.960586
941.283936,11.571959,398.164764,323,0.629033,2.766050,5.583191
952.432739,5.052014,547.607300,324,4.904267,1.059780,-4.061527
954.011963,1489.525879,743.898071,325,5.630358,-3.536898,-2.292691
953.944702,1466.970459,904.911072,326,3.460315,-8.973676,-9.182593
964.013245,1477.888550,1119.751953,327,6.238101,-5.852511,-1.680660
964.983521,1489.692993,1310.668823,328,6.776757,-2.860785,-0.512003
941.341553,151.882294,33.590763,329,1.255336,-10.000194,9.280556
948.677002,175.738693,212.629974,330,2.982531,-3.955632,6.577346
955.059204,152.526932,382.263672,331,5.105208,-9.390961,1.652936
965.796570,155.601532,556.821777,332,7.668407,-8.341762,-1.118799
961.683533,156.152359,733.058838,333,6.197984,-8.116132,-4.136098
952.649841,182.237869,916.616943,334,3.389768,-1.718036,-6.534446
945.899841,154.246552,1113.008057,335,2.599984,-8.592282,-4.253317
939.830688,148.406876,1308.377075,336,0.549156,-10.835251,-1.223250
979.760742,364.203308,39.582073,337,10.494407,-3.078216,10.088015
977.217834,350.685059,204.378952,338,10.973604,-6.043503,4.443397
965.045288,359.448639,384.246826,339,7.164850,-4.880939,2.252778
971.059692,357.089722,570.623169,340,8.562030,-5.091353,2.611894
964.029053,379.602448,742.297852,341,6.708765,0.905303,-1.749779
947.160706,369.631409,925.554199,342,2.004959,-1.276320,-3.396339
941.081970,370.157532,1088.110962,343,1.194767,-1.694875,-11.085656
959.076355,362.429047,1301.483398,344,5.233943,-3.206407,-2.919535
974.768555,561.840881,7.886913,345,9.699342,0.264358,2.617185
987.699463,540.214600,224.568207,346,13.136304,-5.506007,9.223264
966.221741,554.730652,387.603394,347,8.234715,-1.910915,3.358429
981.172302,569.185364,572.308838,348,10.299496,2.102884,2.936414
974.655762,572.441101,758.662415,349,9.800916,2.847657,2.242037
941.295776,577.178955,902.372498,350,0.989399,3.367076,-9.436150
949.993103,566.829102,1092.469849,351,2.241977,0.956762,-9.629295
952.452576,580.434021,1310.663696,352,2.653064,5.316745,-1.122344
957.900940,736.237610,1495.117432,353,4.268843,-3.907124,-1.199117
984.368774,748.229065,234.207870,354,10.879521,-1.277516,12.487481
954.649109,749.447388,400.645935,355,4.982045,0.193661,6.368799
966.452881,765.107239,570.337097,356,7.264376,3.181145,2.004893
959.355286,759.304810,756.062744,357,6.785161,1.421859,1.927115
949.797913,745.981262,910.790710,358,3.298934,-1.301229,-7.803479
940.773010,751.943970,1084.780518,359,0.611738,0.371808,-11.586204
940.073425,729.312073,1305.402710,360,-0.406044,-6.384567,-2.425608
948.201172,970.639709,10.134103,361,2.563764,8.633296,2.347092
948.656555,955.958618,237.370361,362,2.961457,5.330875,13.763253
932.119446,946.174255,391.243683,363,-1.427299,2.819111,3.518447
934.337769,927.145996,575.134583,364,-0.547051,-2.555526,3.572068
926.567383,933.000854,744.526611,365,-3.207077,-1.409626,-1.823278
941.357300,963.901184,921.785889,366,1.102801,7.448567,-5.026548
940.686218,977.859070,1095.034424,367,0.640529,10.435829,-7.868300
945.265991,974.591309,1281.256348,368,2.065168,9.125030,-8.216331
962.940552,1147.964478,1499.668091,369,6.184961,5.487968,0.067166
940.455261,1155.676880,223.149506,370,0.688439,7.255823,10.220757
933.768127,1138.664673,389.438446,371,-1.823150,3.517685,3.112928
928.857178,1137.102539,573.475098,372,-2.464245,3.476131,2.512939
912.486145,1135.971436,748.704895,373,-7.149041,3.141266,-0.474508
931.474976,1130.941162,934.062622,374,-1.244011,0.730016,-1.558761
952.063721,1141.212769,1105.770142,375,3.595774,2.990494,-5.798449
962.825317,1144.432861,1283.284302,376,5.994399,4.569605,-8.111424
970.325378,1336.664673,1499.513672,377,8.796823,5.423341,-0.044235
949.895325,1329.933960,211.603149,378,3.582574,4.068495,7.006452
931.613892,1341.784424,389.088135,379,-1.630613,6.976377,3.226971
931.018616,1338.421509,572.578064,380,-1.691587,6.091334,2.297887
923.340454,1330.599243,748.364929,381,-4.126413,4.423870,-0.368043
932.757263,1321.159790,927.757812,382,-0.739373,2.152579,-3.299339
955.965759,1317.956787,1111.769653,383,5.400816,1.283253,-4.231349
967.281372,1328.979126,1297.046631,384,8.710380,4.264327,-4.599474
1130.109863,1471.201660,10.898680,385,1.165233,-8.641898,2.906956
1124.630127,1488.322876,200.436478,386,-0.435862,-3.662881,3.149691
1101.878418,34.183666,376.693604,387,-6.540536,9.030711,0.427005
1084.825562,13.366238,563.235535,388,-11.916134,4.245611,0.471995
1083.929321,0.691181,740.156860,389,-11.563275,0.161268,-2.396348
1113.681763,1488.056763,921.496399,390,-2.809976,-4.053092,-5.090589
1111.879517,1462.896240,1121.795776,391,-2.965715,-10.492343,-1.555748
1100.459351,1466.236450,1320.634399,392,-6.398897,-9.532338,1.771559
1145.871460,174.026764,20.994833,393,5.488686,-3.964477,5.996774
1126.602173,193.624008,231.931152,394,0.513073,1.615008,12.617787
1129.108032,178.993027,364.391632,395,0.633642,-1.882220,-4.097559
1109.904541,191.157349,563.024292,396,-4.943454,0.209729,1.002310
1113.534424,194.417786,729.959900,397,-3.507168,1.210224,-5.586465
1105.608643,171.031998,903.579041,398,-5.180767,-4.490987,-9.689321
1107.956787,157.228424,1106.359009,399,-4.347269,-8.532319,-5.435909
1129.083008,154.445084,1336.276001,400,0.625217,-8.478069,5.689979
1136.771729,376.813538,40.010998,401,2.120474,0.218714,11.270453
1129.152588,365.364197,193.247177,402,0.319003,-2.586738,0.387703
1118.181152,341.385895,366.289886,403,-2.967858,-9.974596,-2.255350
1105.014282,350.188660,590.267151,404,-5.623767,-7.240745,6.676138
1106.019653,369.149139,726.368835,405,-6.121546,-1.920980,-5.269322
1096.620117,373.882172,898.978088,406,-7.689091,-0.409036,-10.786235
1116.611328,381.888306,1105.552734,407,-2.609549,1.823220,-5.653545
1131.369995,380.135162,1334.970825,408,0.959102,1.435697,5.516979
1155.227661,562.949097,36.709404,409,6.888906,0.102735,10.685457
1140.220947,558.370239,181.421906,410,3.770748,-0.898532,-2.020870
1108.520508,566.392334,379.494476,411,-5.175903,1.363879,1.211885
1093.278320,580.116577,584.679688,412,-8.316586,4.024348,5.009031
1096.741577,573.627991,753.811462,413,-8.353407,3.583339,1.360340
1114.245361,578.348816,879.329163,414,-3.453825,3.801178,-15.995228
1140.113892,578.367432,1119.481445,415,3.922576,3.719548,-2.218425
1145.390991,575.830261,1319.715454,416,5.371610,2.967216,1.308213
1152.336426,725.664612,25.023232,417,6.973906,-6.791291,6.948048
1152.527100,725.377075,200.149338,418,6.710994,-7.268269,3.519403
1125.251831,738.197327,391.891327,419,-1.101053,-3.720915,4.102616
1096.245117,733.716187,574.824341,420,-7.633172,-3.836937,2.613359
1100.271729,742.161438,755.279724,421,-7.714299,-2.701206,2.101436
1114.058472,754.519470,896.625916,422,-3.530045,0.368454,-11.951650
1168.797729,753.147827,1117.653442,423,11.677855,0.177874,-2.123771
1166.264038,734.582397,1294.732056,424,10.806953,-4.794934,-5.027932
1165.639771,963.262512,14.664104,425,10.330585,6.596419,4.140430
1175.966919,945.597534,209.517975,426,13.399768,1.955204,5.891381
1143.149414,940.697510,389.611572,427,4.736855,0.845052,4.138653
1124.285278,940.641663,578.663513,428,-0.722999,0.914594,4.523624
1123.394165,933.850281,738.484070,429,-0.410261,-0.871271,-4.248771
1132.636719,958.387878,931.612732,430,2.341679,5.996932,-2.816010
1174.261475,967.731384,1106.996094,431,12.299438,7.785509,-4.345089
1170.525513,968.513733,1286.451172,432,11.005733,8.096128,-7.162428
1152.070435,1175.238647,1498.522461,433,7.303429,13.373980,-0.395721
1167.585449,1157.759155,201.212143,434,11.048814,9.103926,3.186813
1148.117065,1151.727051,390.015778,435,5.908127,7.509725,3.993788
1137.963623,1146.722534,576.319519,436,3.461268,6.021645,4.017698
1125.762207,1146.776245,737.175110,437,0.241594,6.203851,-4.028105
1124.965942,1135.702271,949.413757,438,0.507693,2.996439,2.113905
1152.148438,1148.869263,1116.231934,439,7.042243,6.424780,-2.823573
1157.881958,1161.516724,1288.719849,440,7.715067,9.352422,-6.045921
1151.296143,1311.430542,1487.498901,441,7.305338,-0.429806,-3.489242
1155.958618,1322.230591,187.421646,442,8.293344,1.647797,-0.418317
1133.582764,1303.572998,379.050537,443,2.061300,-3.153062,1.361611
1118.834106,1301.368408,579.331604,444,-1.644284,-4.349032,4.332430
1113.338989,1293.135986,732.519958,445,-2.950392,-5.751059,-5.206908
1117.624878,1299.319336,940.881287,446,-1.992832,-4.125944,0.513968
1120.921265,1305.230225,1126.492554,447,-1.182272,-1.126678,0.107244
1135.597412,1316.482910,1324.393677,448,2.298695,1.004371,2.887178
1299.179443,1430.397827,9.704464,449,-3.406273,-20.489126,2.463718
1310.509766,1465.642578,196.664429,450,-1.309790,-10.504633,2.358361
1313.040649,21.724144,376.644562,451,-0.639253,5.466048,0.366648
1314.660889,28.247490,561.606689,452,-0.083694,8.016471,0.176294
1304.911255,11.704432,730.262207,453,-2.892157,3.146843,-5.494439
1269.519775,2.823800,907.473877,454,-11.724439,0.058791,-8.701488
1260.598633,1477.516357,1124.450073,455,-13.761720,-7.021539,-0.609873
1292.760986,1434.302246,1348.800781,456,-5.449495,-18.124334,9.103703
1279.446167,180.053329,21.999826,457,-8.875132,-2.200723,5.962316
1296.372437,188.337311,224.955765,458,-5.124759,-0.057319,10.239320
1295.723511,183.998322,381.910828,459,-5.441781,-1.429850,0.630189
1313.954224,193.192215,559.293457,460,0.174106,0.101019,-0.096121
1298.229980,199.524567,721.990295,461,-3.707189,2.544114,-8.101528
1293.465576,182.403641,903.800842,462,-5.512108,-0.751551,-9.496704
1298.712158,179.849625,1103.309937,463,-4.265044,-1.885276,-5.972332
1291.704102,180.706207,1338.863281,464,-5.592041,-2.100211,6.886359
1290.850830,399.706299,41.195366,465,-5.644262,5.855062,11.412108
1301.365601,380.565369,178.578796,466,-3.719602,2.048475,-2.281700
1309.177490,347.316681,393.660034,467,-0.698224,-7.896137,4.003591
1337.395752,350.309143,583.615479,468,5.499432,-6.968346,5.396139
1322.833130,378.964569,724.742859,469,3.357788,0.477539,-5.044438
1319.777344,393.179749,890.763123,470,1.505717,4.701515,-13.521860
1310.680054,405.653046,1110.365356,471,-0.958962,8.656758,-4.374920
1301.324585,401.733673,1333.600952,472,-3.079854,7.508691,4.618628
1298.086304,565.525208,45.621544,473,-3.534748,1.472515,13.021713
1320.140381,584.042053,167.701767,474,0.888043,5.791236,-5.786524
1336.429443,579.181580,380.230591,475,5.799322,4.871200,1.268340
1327.000488,574.386292,573.143066,476,4.020362,3.945911,3.194283
1319.035522,562.036682,762.297852,477,1.820339,0.547239,3.960803
1320.194458,566.360474,883.359924,478,1.799634,0.372660,-16.020050
1313.879517,580.838196,1128.295410,479,0.591290,4.246921,0.257696
1314.041870,589.401245,1314.697266,480,0.172180,6.534989,-0.226087
1313.399048,731.289612,31.602251,481,-0.704470,-5.479856,9.850429
1316.068115,724.836426,184.504227,482,0.786158,-7.857243,-1.577127
1339.296509,738.273438,381.532227,483,6.932174,-3.334095,1.229421
1322.981079,732.592285,563.382874,484,2.945001,-4.504820,0.565031
1314.234009,739.173279,748.588806,485,-0.124731,-3.482315,-0.034756
1324.981689,766.124207,922.019653,486,3.031839,4.310343,-5.131967
1307.247314,766.663208,1131.502563,487,-1.986563,3.023831,1.305767
1308.957642,731.253296,1293.385498,488,-1.070001,-6.108084,-5.990197
1306.564575,963.764587,19.749954,489,-2.647397,6.539539,6.172356
1300.914429,941.195557,200.137527,490,-4.091124,1.463120,3.217584
1327.391479,950.549805,381.544220,491,2.912191,3.262434,1.328158
1325.727417,955.496765,558.001343,492,2.766845,4.905402,-1.028040
1300.430176,938.835754,742.694397,493,-3.744926,-0.110766,-2.116233
1311.732788,943.545593,940.872620,494,-0.272304,1.090041,0.294850
1296.650635,936.099243,1125.359741,495,-2.976904,-0.400109,-0.600365
1308.173828,963.776245,1287.729004,496,-1.665168,6.755750,-7.277726
1310.837646,1188.240967,18.647930,497,-1.012660,17.153883,5.680370
1312.770020,1171.116943,176.232056,498,-0.762505,12.935852,-3.009919
1314.889526,1153.648315,390.026001,499,-0.203506,7.813500,3.896973
1317.043213,1144.073975,566.346130,500,0.133624,5.751929,0.656661
1302.145752,1142.963135,723.822327,501,-3.453601,4.593039,-7.520042
1306.564209,1124.517212,940.706482,502,-1.837640,-0.130589,0.155041
1281.377686,1131.309937,1128.882812,503,-7.923002,1.923516,0.343462
1297.952026,1146.414551,1309.743896,504,-3.848002,5.796153,-1.227779
1314.508057,1298.885620,15.816253,505,-0.693343,-2.617296,4.424798
1318.208130,1299.700684,156.305954,506,0.326535,-4.132345,-8.638861
1319.773071,1281.643921,367.304047,507,0.733598,-8.630507,-2.214923
1304.940918,1277.075073,561.008423,508,-2.421130,-10.820980,-0.618854
1287.337402,1282.253418,733.464539,509,-6.851622,-8.108727,-5.187924
1270.103271,1277.355225,921.300720,510,-11.364297,-9.651738,-3.920564
1270.238159,1281.363037,1156.567627,511,-11.310693,-7.920790,7.151746
1307.763062,1308.757812,1345.420532,512,-1.981494,-1.218626,9.775133
